EL_00001	[2432, 2464]
EL_00002
EL_00003
EL_00004
EL_00005
EL_00006
EL_00007
EL_00008
EL_00009
EL_00010	[464, 476]
EL_00011	[236, 245]
EL_00012	[3087, 3090]
EL_00013	[629, 634]	[1749, 1752]
EL_00014	[4170, 4173]	[4189, 4192]
EL_00015	[1084, 1087]
EL_00016
EL_00017
EL_00018	[404, 454]	[449, 453]	[1419, 1425]
EL_00019
EL_00020
EL_00021	[1129, 1132]
EL_00022	[1012, 1015]	[2213, 2220]
EL_00023
EL_00024	[631, 634]
EL_00025	[2620, 2668]	[2735, 2737]	[2782, 2784]	[2829, 2831]	[2871, 2873]	[2937, 2940]	[3026, 3031]
EL_00026
EL_00027	[4983, 4987]
EL_00028
EL_00029	[3593, 3599]	[3924, 3930]
EL_00030	[1456, 1460]
EL_00031
EL_00032	[680, 788]	[1854, 1962]
EL_00033
EL_00034
EL_00035	[7194, 7261]	[7194, 7199]
EL_00036	[195, 321]	[738, 813]	[738, 746]	[742, 746]	[748, 812]	[887, 900]
EL_00037	[1081, 1135]	[1131, 1134]
EL_00038	[582, 585]
EL_00039	[183, 233]
EL_00040	[2776, 2779]
EL_00041	[891, 894]
EL_00042	[108, 162]	[291, 314]	[754, 767]	[763, 767]	[3731, 3761]
EL_00043	[6429, 6437]	[7018, 7026]
EL_00044	[254, 445]	[254, 262]
EL_00045	[254, 455]	[254, 262]
EL_00046	[203, 243]
EL_00047
EL_00048
EL_00049
EL_00050
EL_00051	[178, 225]
EL_00052	[226, 264]	[226, 259]	[261, 264]
EL_00053
EL_00054	[1518, 1523]
EL_00055	[3967, 3973]
EL_00056	[36, 265]	[261, 264]
EL_00057	[205, 247]
EL_00058	[654, 751]	[654, 673]	[675, 750]	[675, 713]	[5786, 5795]
EL_00059	[478, 513]	[478, 488]	[490, 506]
EL_00060	[538, 548]
EL_00061
EL_00062
EL_00063
EL_00064
EL_00065
EL_00066	[5440, 5613]	[5824, 5836]
EL_00067
EL_00068
EL_00069
EL_00070
EL_00071
EL_00072
EL_00073
EL_00074
EL_00075	[942, 1099]	[1110, 1121]	[1330, 1341]	[1566, 1568]
EL_00076
EL_00077
EL_00078
EL_00079
EL_00080
EL_00081
EL_00082
EL_00083	[2500, 2539]	[2836, 2838]	[3356, 3361]
EL_00084	[2117, 2172]	[2117, 2127]	[2129, 2172]	[3407, 3412]	[3651, 3653]	[3659, 3662]
EL_00085
EL_00086
EL_00087
EL_00088
EL_00089	[321, 357]	[414, 417]	[581, 588]	[789, 796]
EL_00090
EL_00091
EL_00092
EL_00093	[2473, 2483]
EL_00094	[2473, 2483]
EL_00095
EL_00096
EL_00097	[599, 604]	[608, 802]	[608, 620]	[622, 802]	[1024, 1030]	[4052, 4058]	[5462, 5468]	[7504, 7510]
EL_00098
EL_00099
EL_00100
EL_00101
EL_00102	[4596, 4606]	[4935, 4936]	[5011, 5016]
EL_00103	[3822, 3830]
EL_00104
EL_00105	[173, 178]	[341, 344]	[352, 363]	[839, 860]	[1353, 1358]	[1418, 1485]	[1418, 1423]	[1533, 1536]	[1586, 1591]	[1634, 1636]	[1670, 1673]	[1736, 1741]	[1779, 1781]	[1835, 1837]	[1870, 1872]	[1923, 1928]	[2042, 2044]	[2052, 2053]	[2077, 2078]	[2114, 2119]	[2300, 2307]
EL_00106
EL_00107
EL_00108
EL_00109
EL_00110
EL_00111	[2070, 2079]	[2199, 2204]
EL_00112
EL_00113
EL_00114
EL_00115
EL_00116
EL_00117
EL_00118
EL_00119
EL_00120
EL_00121
EL_00122
EL_00123
EL_00124
EL_00125	[1292, 1406]	[1292, 1311]	[1552, 1563]
EL_00126
EL_00127	[2398, 2403]
EL_00128
EL_00129
EL_00130	[426, 459]
EL_00131	[318, 331]	[483, 488]	[503, 505]	[521, 523]	[838, 839]	[895, 900]
EL_00132
EL_00133
EL_00134
EL_00135	[3248, 3273]	[3248, 3253]	[3255, 3273]	[3255, 3260]	[3262, 3273]
EL_00136
EL_00137	[2994, 3000]
EL_00138	[6204, 6210]
EL_00139	[1370, 1380]
EL_00140	[382, 515]	[382, 401]	[391, 401]
EL_00141
EL_00142
EL_00143	[235, 340]	[2190, 2218]	[2212, 2218]	[2234, 2240]
EL_00144	[2049, 2081]	[2049, 2068]	[2125, 2143]	[2125, 2127]	[2260, 2263]	[2446, 2453]	[2642, 2644]
EL_00145	[2967, 3001]	[4098, 4105]
EL_00146	[952, 957]
EL_00147	[408, 413]
EL_00148
EL_00149
EL_00150	[445, 452]
EL_00151	[1446, 1451]	[1472, 1475]	[1718, 1725]	[2905, 2910]	[3639, 3644]	[3922, 3927]	[5981, 5986]
EL_00152	[653, 659]	[3351, 3357]
EL_00153	[1502, 1535]	[1502, 1508]
EL_00154	[1365, 1441]	[1365, 1371]
EL_00155
EL_00156
EL_00157
EL_00158
EL_00159	[1911, 1918]
EL_00160	[166, 168]	[337, 368]	[476, 495]	[733, 752]	[996, 1015]	[1605, 1635]	[1605, 1613]	[1626, 1635]	[2004, 2023]	[2491, 2503]	[2708, 2710]	[2752, 2754]	[2913, 2932]	[3118, 3120]	[3243, 3262]	[3411, 3423]	[3427, 3479]	[3454, 3479]	[4507, 4518]	[5079, 5087]	[5230, 5237]
EL_00161	[1972, 1981]
EL_00162	[2460, 2507]	[2460, 2469]	[2471, 2479]
EL_00163
EL_00164	[819, 1002]	[819, 825]	[827, 1002]
EL_00165	[854, 869]	[854, 860]	[862, 869]
EL_00166
EL_00167	[193, 322]	[559, 566]
EL_00168	[212, 261]	[262, 265]	[436, 441]	[994, 999]
EL_00169	[5163, 5179]
EL_00170
EL_00171	[244, 250]	[1045, 1051]	[1703, 1709]	[4528, 4534]	[4710, 4716]
EL_00172
EL_00173
EL_00174
EL_00175
EL_00176
EL_00177	[2964, 3021]	[2964, 2970]
EL_00178
EL_00179	[173, 248]	[173, 241]	[230, 241]	[344, 355]	[3184, 3283]	[3184, 3195]	[3210, 3283]	[3331, 3342]	[3619, 3630]
EL_00180
EL_00181	[239, 291]	[239, 243]	[657, 661]	[2043, 2167]	[2043, 2047]	[3839, 3843]
EL_00182	[239, 291]	[239, 243]	[645, 649]	[1973, 2097]	[1973, 1977]	[3715, 3719]
EL_00183
EL_00184
EL_00185	[241, 280]
EL_00186
EL_00187	[610, 613]
EL_00188	[1466, 1469]
EL_00189
EL_00190	[4946, 4949]
EL_00191	[193, 196]	[396, 399]	[513, 520]	[763, 770]	[1016, 1023]	[1950, 1957]	[1980, 1983]	[2357, 2364]	[2652, 2659]	[3200, 3207]	[4330, 4337]	[4446, 4453]	[4588, 4595]	[5027, 5034]	[5165, 5174]	[5805, 5812]	[5816, 5830]	[5846, 5848]	[5883, 5885]	[5925, 5927]	[6243, 6250]	[6494, 6501]	[6547, 6554]	[6605, 6607]	[6622, 6625]	[6681, 6688]
EL_00192	[321, 324]
EL_00193
EL_00194
EL_00195	[1529, 1532]
EL_00196	[744, 747]	[750, 755]	[972, 975]
EL_00197	[494, 505]	[586, 597]
EL_00198	[109, 163]	[422, 424]
EL_00199
EL_00200	[922, 925]
EL_00201	[162, 190]	[162, 166]	[323, 351]	[323, 327]	[358, 362]
EL_00202	[183, 187]	[377, 381]	[492, 496]	[584, 588]	[1099, 1123]	[2229, 2233]	[2689, 2693]	[2970, 2974]	[3123, 3127]	[3675, 3689]	[5713, 5717]	[7495, 7499]
EL_00203	[1213, 1217]	[1707, 1711]
EL_00204	[159, 169]	[334, 338]	[393, 404]
EL_00205
EL_00206	[288, 291]	[953, 956]
EL_00207
EL_00208
EL_00209	[773, 780]
EL_00210	[1669, 1676]
EL_00211	[225, 232]	[279, 294]	[287, 294]	[2727, 2734]	[5071, 5078]	[5477, 5484]	[5806, 5815]
EL_00212	[897, 954]	[1106, 1114]
EL_00213	[943, 1003]	[943, 966]	[948, 966]	[1189, 1222]	[1189, 1195]
EL_00214	[1620, 1728]	[1620, 1633]	[1635, 1727]	[2125, 2131]
EL_00215	[563, 596]	[736, 743]	[957, 959]	[1122, 1124]	[1140, 1147]	[1473, 1475]	[1701, 1708]	[1893, 1895]
EL_00216	[450, 500]	[450, 465]	[467, 499]	[613, 615]	[837, 844]
EL_00217	[1209, 1248]	[1209, 1221]	[1394, 1401]
EL_00218	[371, 376]	[472, 499]	[732, 737]	[775, 778]	[866, 868]	[971, 976]
EL_00219	[1265, 1270]	[2086, 2105]	[2120, 2125]	[2191, 2193]	[3444, 3454]	[3458, 3466]	[6789, 6799]	[7148, 7183]	[7187, 7305]	[7187, 7214]	[7204, 7214]	[7216, 7235]	[7254, 7305]	[7307, 7309]	[7327, 7477]	[8629, 8667]	[8629, 8634]	[10283, 10290]	[10830, 10837]
EL_00220	[335, 340]	[1309, 1336]	[1640, 1645]	[2037, 2042]	[2570, 2577]	[6476, 6503]	[6536, 6541]
EL_00221	[910, 937]	[1738, 1748]	[1895, 1930]	[1895, 1900]	[1902, 1929]	[2074, 2076]	[2399, 2404]	[2410, 2413]
EL_00222	[660, 687]	[761, 766]	[1097, 1102]
EL_00223
EL_00224
EL_00225	[642, 662]	[972, 1044]	[972, 978]
EL_00226	[548, 573]
EL_00227	[646, 672]	[646, 650]	[652, 672]
EL_00228
EL_00229
EL_00230	[1517, 1524]	[4149, 4156]
EL_00231	[6752, 6759]
EL_00232	[732, 739]	[1319, 1326]	[2960, 2967]	[3475, 3482]	[3740, 3747]	[4721, 4728]	[4801, 4808]
EL_00233	[5376, 5424]	[5820, 5826]
EL_00234	[3592, 3668]	[3592, 3605]	[3783, 3789]
EL_00235	[347, 369]	[547, 558]	[1404, 1413]	[1428, 1430]	[1853, 1864]	[1904, 1906]	[1959, 1961]	[2697, 2706]	[3248, 3257]	[3306, 3308]	[3477, 3486]	[4922, 4962]	[4922, 4931]	[6711, 6720]	[6899, 6908]
EL_00236	[1590, 1619]	[1870, 1873]	[2909, 2918]	[3137, 3139]	[3496, 3505]	[3961, 3965]	[4016, 4019]
EL_00237	[4821, 4827]
EL_00238	[1262, 1271]	[1402, 1411]
EL_00239	[3695, 3704]
EL_00240
EL_00241
EL_00242
EL_00243	[606, 628]	[606, 624]	[708, 718]
EL_00244	[606, 628]	[606, 624]	[708, 718]
EL_00245	[683, 767]	[683, 701]	[703, 767]	[825, 835]
EL_00246	[205, 308]	[205, 257]	[249, 257]	[830, 838]	[1159, 1167]	[1202, 1225]
EL_00247	[972, 978]	[1978, 1984]
EL_00248	[2833, 2839]
EL_00249	[672, 696]	[1191, 1197]
EL_00250
EL_00251
EL_00252
EL_00253
EL_00254
EL_00255
EL_00256	[2009, 2019]	[2083, 2093]
EL_00257	[1247, 1257]
EL_00258	[1370, 1380]
EL_00259	[1762, 1775]
EL_00260	[2968, 2991]	[2968, 2976]	[2978, 2990]
EL_00261	[1163, 1184]	[1163, 1171]	[1173, 1184]
EL_00262	[3113, 3119]
EL_00263	[377, 383]
EL_00264	[590, 769]	[974, 976]	[982, 985]
EL_00265	[2758, 2766]
EL_00266	[557, 565]
EL_00267	[1988, 1998]
EL_00268	[4430, 4440]	[4807, 4826]
EL_00269	[323, 335]
EL_00270	[1902, 1925]	[2077, 2079]
EL_00271	[1271, 1298]
EL_00272	[168, 175]	[258, 278]	[298, 301]	[349, 351]	[1172, 1179]	[1256, 1263]	[1296, 1303]	[1355, 1356]
EL_00273	[1128, 1175]	[1128, 1142]	[1144, 1175]	[2080, 2087]	[2126, 2128]
EL_00274
EL_00275	[446, 457]	[521, 523]	[585, 591]	[637, 639]	[674, 677]	[740, 746]	[848, 856]	[914, 918]	[997, 1000]	[1017, 1020]
EL_00276	[784, 831]	[1121, 1127]
EL_00277	[1693, 1734]	[1693, 1720]	[1722, 1733]	[1985, 1991]	[2029, 2035]
EL_00278	[218, 225]	[454, 461]	[534, 553]	[546, 553]	[733, 772]	[1689, 1696]	[3764, 3772]	[3772, 3774]
EL_00279	[417, 431]
EL_00280	[2463, 2478]
EL_00281	[489, 497]
EL_00282
EL_00283	[1906, 1912]
EL_00284
EL_00285
EL_00286
EL_00287	[196, 201]	[372, 377]	[422, 427]	[515, 527]	[515, 520]	[752, 757]	[932, 937]	[1105, 1110]
EL_00288
EL_00289	[402, 413]	[887, 900]	[981, 1045]	[981, 988]	[1213, 1222]	[1301, 1312]	[1370, 1373]	[1432, 1434]	[1867, 1878]	[2058, 2061]	[2592, 2603]	[3372, 3383]
EL_00290
EL_00291	[2147, 2152]
EL_00292	[247, 252]	[445, 450]	[528, 533]	[1328, 1333]	[2072, 2077]
EL_00293	[712, 717]
EL_00294	[4632, 4643]
EL_00295	[1448, 1459]	[2040, 2051]	[2409, 2420]	[2950, 2961]	[4744, 4755]
EL_00296	[353, 367]	[909, 921]	[1029, 1040]
EL_00297	[435, 443]	[1752, 1763]
EL_00298
EL_00299	[377, 450]	[377, 423]
EL_00300
EL_00301	[3729, 3739]
EL_00302	[2357, 2367]
EL_00303	[1257, 1267]
EL_00304	[2464, 2474]
EL_00305	[1024, 1034]
EL_00306
EL_00307
EL_00308	[624, 635]
EL_00309	[1747, 1758]
EL_00310	[229, 240]	[581, 592]
EL_00311	[875, 886]
EL_00312	[1049, 1094]	[1049, 1062]	[1064, 1094]	[1332, 1338]
EL_00313	[1087, 1133]	[1087, 1101]	[1103, 1133]	[6645, 6667]	[6870, 6876]
EL_00314	[10110, 10156]	[10383, 10389]	[10587, 10589]	[10803, 10809]	[10929, 10935]
EL_00315	[628, 702]	[628, 654]	[645, 654]	[656, 702]	[1322, 1384]	[1322, 1327]	[4196, 4210]	[4354, 4361]	[4488, 4498]
EL_00316	[159, 173]	[499, 511]	[892, 898]
EL_00317	[646, 652]	[1293, 1304]	[1849, 1857]	[1943, 1945]	[2020, 2022]	[2178, 2184]	[3528, 3536]	[3643, 3649]	[3679, 3682]	[3729, 3731]	[3768, 3770]	[3869, 3872]	[3899, 3905]	[3923, 3926]	[4037, 4039]	[4054, 4057]	[4133, 4135]	[4159, 4162]	[4240, 4243]	[4284, 4285]	[4327, 4333]	[4439, 4441]	[4455, 4461]	[4476, 4478]	[4577, 4579]	[4655, 4656]	[4684, 4685]	[4720, 4722]	[4762, 4768]	[4825, 4827]	[4875, 4878]	[5010, 5013]	[5333, 5339]	[5353, 5355]	[5417, 5418]	[5429, 5431]	[5444, 5445]	[5518, 5519]	[5614, 5620]	[5628, 5688]
EL_00318	[480, 1178]	[480, 491]	[941, 947]	[989, 992]	[1067, 1177]	[1067, 1073]	[1468, 1472]	[1554, 1556]
EL_00319	[642, 653]	[655, 659]	[938, 944]	[1327, 1469]	[1327, 1333]	[1495, 1501]	[1978, 1984]	[2068, 2074]	[2082, 2084]	[2096, 2099]	[2182, 2190]	[2310, 2311]	[2365, 2371]	[2514, 2516]	[2556, 2558]	[2575, 2576]	[2590, 2591]	[2616, 2617]	[2693, 2699]	[2717, 2720]	[2747, 2750]	[2760, 2762]	[2849, 2852]	[2975, 2977]	[3017, 3019]	[3478, 3479]	[3512, 3513]	[3723, 3729]	[4052, 4060]
EL_00320	[430, 436]
EL_00321	[2038, 2049]	[2082, 2084]	[2130, 2132]	[2190, 2193]	[2220, 2223]	[2281, 2283]	[2311, 2326]	[2311, 2317]	[2339, 2340]	[2478, 2480]	[2542, 2544]	[2622, 2629]	[2633, 2635]
EL_00322	[935, 954]	[935, 946]	[2693, 2699]	[2721, 2724]	[2779, 2781]	[3587, 3595]
EL_00323	[1150, 1209]
EL_00324	[298, 350]	[567, 579]
EL_00325	[298, 350]	[567, 579]
EL_00326	[1634, 1668]	[1634, 1644]	[1646, 1668]
EL_00327	[2928, 2942]	[3286, 3289]	[3459, 3470]	[3459, 3464]	[3466, 3470]	[3642, 3647]	[4263, 4270]	[4345, 4347]	[4423, 4428]	[4457, 4460]	[4528, 4530]	[4573, 4576]	[4594, 4596]	[4657, 4659]	[4704, 4706]	[4718, 4720]
EL_00328	[1233, 1245]	[1507, 1513]	[1559, 1561]	[3199, 3204]	[3242, 3247]	[3262, 3265]	[3787, 3792]	[5140, 5145]
EL_00329	[1030, 1042]	[1649, 1673]	[2906, 2911]	[3004, 3009]	[3677, 3684]	[3764, 3767]	[4037, 4044]	[4931, 4936]	[5370, 5375]	[5855, 5862]
EL_00330	[1742, 1747]	[3800, 3805]	[3824, 3827]
EL_00331	[221, 506]	[221, 264]	[258, 264]
EL_00332	[2325, 2334]
EL_00333	[186, 266]	[186, 232]
EL_00334	[185, 521]	[185, 257]
EL_00335	[392, 455]	[413, 448]	[450, 454]	[1284, 1288]
EL_00336	[2794, 2798]
EL_00337	[3521, 3525]
EL_00338	[1258, 1262]	[2061, 2065]	[2071, 2073]
EL_00339
EL_00340	[355, 358]
EL_00341	[334, 337]	[388, 391]	[556, 563]	[899, 906]	[967, 974]	[1357, 1360]	[1427, 1434]	[1894, 1901]
EL_00342	[449, 453]	[793, 797]	[1007, 1013]	[2269, 2273]	[2679, 2683]	[3251, 3255]
EL_00343	[220, 493]	[220, 275]
EL_00344	[233, 240]
EL_00345
EL_00346	[181, 261]	[181, 228]	[221, 228]	[230, 260]	[1548, 1555]	[4323, 4330]	[8096, 8107]	[8096, 8103]
EL_00347
EL_00348	[109, 163]	[350, 373]
EL_00349	[488, 492]
EL_00350	[109, 179]	[327, 350]
EL_00351
EL_00352
EL_00353	[497, 539]	[497, 501]	[503, 538]	[507, 538]	[607, 611]	[803, 807]	[1176, 1180]
EL_00354	[662, 666]	[858, 862]	[876, 878]
EL_00355
EL_00356	[1653, 1656]
EL_00357	[1653, 1656]
EL_00358	[437, 440]
EL_00359
EL_00360	[233, 333]	[233, 272]	[265, 272]
EL_00361	[195, 286]	[195, 233]	[235, 286]	[545, 554]	[2431, 2438]	[2734, 2741]	[2969, 3006]	[2969, 2976]
EL_00362	[202, 238]
EL_00363	[1597, 1600]
EL_00364	[1887, 1890]
EL_00365	[213, 374]	[213, 250]	[328, 330]	[469, 473]	[2098, 2104]	[2208, 2214]
EL_00366	[239, 248]
EL_00367	[239, 321]	[239, 275]	[266, 275]
EL_00368	[340, 356]	[1231, 1247]
EL_00369	[202, 315]	[202, 256]
EL_00370	[202, 315]	[202, 256]
EL_00371	[481, 511]	[513, 516]
EL_00372	[1897, 1900]	[2077, 2084]	[2081, 2084]
EL_00373	[327, 368]	[1314, 1317]
EL_00374	[2309, 2355]	[2317, 2335]	[2337, 2354]
EL_00375	[1615, 1617]
EL_00376	[656, 679]	[926, 935]	[973, 975]
EL_00377	[650, 691]	[1355, 1364]
EL_00378	[5267, 5294]	[5403, 5408]	[6588, 6593]	[6618, 6620]	[6697, 6699]	[6741, 6751]	[6776, 6779]	[6805, 6810]	[6815, 6818]	[6929, 6934]	[6964, 6969]	[7057, 7062]	[7137, 7139]	[7279, 7289]	[7385, 7390]	[7539, 7544]	[7610, 7613]	[7636, 7639]
EL_00379
EL_00380	[1993, 2025]	[1993, 2002]	[2004, 2009]
EL_00381	[8916, 8925]
EL_00382	[1311, 1317]
EL_00383	[170, 200]	[170, 185]	[537, 561]	[1230, 1258]	[1400, 1403]	[1481, 1484]	[1561, 1569]	[3116, 3124]	[3143, 3146]	[3181, 3184]	[3849, 3859]	[5382, 5435]	[5382, 5410]	[5412, 5435]
EL_00384	[3508, 3521]	[3723, 3725]	[3734, 3749]	[4227, 4268]	[4227, 4235]	[5273, 5286]
EL_00385	[108, 172]	[421, 435]	[520, 545]	[941, 949]	[1350, 1360]	[1638, 1646]	[2045, 2053]
EL_00386	[2537, 2632]	[2537, 2550]	[2552, 2597]	[2921, 2929]
EL_00387	[692, 724]	[1071, 1079]	[1517, 1527]
EL_00388	[703, 735]	[917, 925]	[1443, 1451]	[1468, 1470]	[1575, 1577]	[1596, 1598]	[1615, 1628]	[1615, 1623]
EL_00389	[4152, 4162]
EL_00390
EL_00391
EL_00392	[170, 186]
EL_00393	[442, 452]	[709, 714]
EL_00394	[636, 665]	[636, 642]
EL_00395
EL_00396
EL_00397
EL_00398
EL_00399
EL_00400	[301, 319]	[557, 583]	[1441, 1456]	[1715, 1726]	[3633, 3655]	[3785, 3787]	[3890, 3893]	[4119, 4132]	[4221, 4225]	[5170, 5185]	[5476, 5478]	[5531, 5533]	[5741, 5756]	[5976, 5991]	[6375, 6390]
EL_00401	[226, 267]	[610, 619]	[965, 974]	[1089, 1098]
EL_00402	[203, 248]	[1455, 1464]
EL_00403	[4012, 4021]
EL_00404	[2740, 2749]
EL_00405
EL_00406	[158, 180]	[302, 355]	[550, 555]	[702, 707]	[1029, 1039]	[1029, 1034]	[1517, 1522]	[2031, 2036]	[2135, 2137]	[2343, 2348]	[2360, 2363]
EL_00407	[158, 179]	[503, 513]	[503, 508]	[601, 603]	[762, 763]	[810, 815]	[844, 845]	[949, 954]	[966, 969]	[1078, 1083]	[1197, 1204]	[1856, 1861]	[2018, 2100]	[2018, 2023]	[3471, 3476]	[3801, 3806]	[3936, 3938]	[3999, 4002]	[4116, 4121]	[4148, 4172]	[4148, 4150]	[4462, 4467]	[4649, 4654]	[4749, 4751]	[4837, 4839]
EL_00408	[265, 276]	[609, 614]	[751, 753]
EL_00409	[2679, 2688]
EL_00410	[3547, 3556]
EL_00411	[222, 231]	[775, 788]	[2337, 2346]	[5302, 5311]
EL_00412	[485, 492]	[897, 929]	[897, 904]	[906, 929]	[1152, 1159]
EL_00413	[581, 594]	[1452, 1524]	[1452, 1460]	[1473, 1476]	[2727, 2735]
EL_00414	[463, 497]	[1691, 1712]
EL_00415	[1080, 1092]
EL_00416
EL_00417	[532, 598]	[532, 547]	[549, 598]	[559, 571]	[576, 589]
EL_00418	[421, 436]
EL_00419
EL_00420
EL_00421	[726, 733]	[1525, 1540]	[1525, 1532]
EL_00422	[477, 484]
EL_00423	[669, 676]	[1304, 1363]	[1304, 1311]	[1313, 1363]	[1513, 1520]	[1537, 1576]	[1586, 1588]	[1711, 1713]	[2448, 2455]	[2582, 2589]	[2789, 2796]	[3267, 3274]	[3421, 3428]	[5366, 5374]	[5534, 5541]	[5558, 5566]	[6062, 6070]	[6976, 6983]	[7552, 7559]
EL_00424	[5873, 5880]
EL_00425
EL_00426
EL_00427
EL_00428
EL_00429
EL_00430
EL_00431
EL_00432
EL_00433
EL_00434
EL_00435	[174, 186]	[430, 577]	[430, 442]	[444, 464]	[1170, 1182]
EL_00436
EL_00437	[1037, 1046]
EL_00438
EL_00439
EL_00440
EL_00441	[2370, 2375]
EL_00442
EL_00443
EL_00444	[1794, 1804]	[1888, 1894]	[2132, 2138]
EL_00445	[159, 169]	[342, 352]	[466, 478]	[691, 703]	[1061, 1076]	[1194, 1206]	[1425, 1437]
EL_00446	[2698, 2708]
EL_00447	[5284, 5309]	[5284, 5298]	[5300, 5308]	[5481, 5485]	[5533, 5535]
EL_00448	[1535, 1692]	[1535, 1545]	[4637, 4661]	[4645, 4661]	[4743, 4747]
EL_00449
EL_00450
EL_00451
EL_00452
EL_00453	[2293, 2316]
EL_00454	[506, 586]	[1030, 1063]
EL_00455	[4235, 4247]
EL_00456	[4125, 4137]
EL_00457	[242, 275]	[1655, 1661]
EL_00458	[1231, 1271]	[1231, 1246]	[1248, 1271]	[1295, 1297]	[2057, 2068]	[2072, 2073]	[2133, 2144]	[3699, 3763]	[3699, 3710]	[3891, 3893]	[3980, 3983]	[3994, 4005]	[4259, 4270]	[4754, 4765]	[4866, 4877]
EL_00459	[3726, 3755]
EL_00460	[1282, 1298]
EL_00461	[638, 649]
EL_00462
EL_00463
EL_00464	[9583, 9627]	[9583, 9590]	[9674, 9681]	[10016, 10023]
EL_00465	[1340, 1438]	[2376, 2393]	[2462, 2464]	[2607, 2615]
EL_00466	[608, 655]	[773, 780]	[899, 906]	[1199, 1215]
EL_00467	[158, 201]	[429, 472]	[575, 611]	[815, 822]	[2281, 2330]	[2281, 2288]	[2379, 2382]	[2390, 2392]	[2869, 2878]	[3249, 3256]	[3669, 3680]	[3984, 3995]
EL_00468	[451, 462]	[472, 549]	[555, 697]	[555, 593]	[586, 593]	[1324, 1331]	[1632, 1643]
EL_00469
EL_00470
EL_00471
EL_00472
EL_00473
EL_00474
EL_00475	[477, 487]	[670, 675]
EL_00476
EL_00477	[1361, 1368]
EL_00478	[944, 967]
EL_00479	[473, 480]
EL_00480	[3853, 3885]	[3916, 3918]
EL_00481	[3257, 3262]	[3377, 3380]
EL_00482	[3593, 3598]	[3713, 3716]
EL_00483	[4805, 4810]	[4925, 4928]
EL_00484	[173, 226]	[173, 221]	[215, 221]	[223, 226]
EL_00485	[252, 313]	[252, 262]	[264, 313]
EL_00486	[231, 271]
EL_00487
EL_00488	[171, 174]	[364, 367]	[2992, 2997]	[3669, 3672]
EL_00489	[319, 324]	[546, 549]	[749, 752]	[756, 794]
EL_00490
EL_00491	[3994, 4011]	[3994, 4001]
EL_00492	[2558, 2565]
EL_00493	[2607, 2615]
EL_00494	[1207, 1214]	[1370, 1377]
EL_00495
EL_00496	[6688, 6761]
EL_00497	[1989, 2019]
EL_00498	[854, 861]	[3056, 3063]	[3115, 3122]	[3633, 3642]	[4195, 4198]	[4603, 4610]
EL_00499	[1982, 1989]
EL_00500	[890, 894]
EL_00501	[8389, 8396]
EL_00502	[269, 525]	[269, 275]
EL_00503	[734, 737]
EL_00504
EL_00505
EL_00506	[4110, 4118]
EL_00507
EL_00508
EL_00509
EL_00510
EL_00511
EL_00512
EL_00513
EL_00514
EL_00515
EL_00516
EL_00517
EL_00518	[1695, 1699]
EL_00519	[1985, 1989]
EL_00520	[3198, 3202]
EL_00521	[658, 690]	[658, 662]	[664, 690]	[1040, 1104]	[1040, 1044]	[4665, 4669]	[4854, 4858]
EL_00522
EL_00523
EL_00524	[1600, 1738]	[1600, 1607]	[1613, 1737]	[2130, 2133]
EL_00525	[4810, 4843]	[4810, 4817]
EL_00526
EL_00527
EL_00528
EL_00529
EL_00530
EL_00531
EL_00532	[499, 507]
EL_00533	[5384, 5392]
EL_00534	[6912, 6920]
EL_00535	[241, 296]
EL_00536	[1967, 1991]	[2217, 2226]
EL_00537	[1487, 1526]
EL_00538	[4493, 4674]	[4493, 4574]	[4493, 4517]	[4507, 4517]	[4576, 4674]
EL_00539	[527, 539]	[1510, 1517]
EL_00540	[5407, 5414]
EL_00541	[641, 648]	[1689, 1696]	[1716, 1718]	[1736, 1739]	[2239, 2246]
EL_00542
EL_00543
EL_00544
EL_00545	[3849, 3856]	[4267, 4274]	[9855, 9862]	[10273, 10280]
EL_00546	[527, 534]
EL_00547	[593, 600]
EL_00548	[994, 1001]	[1014, 1065]	[1014, 1041]	[1288, 1308]
EL_00549	[621, 658]	[621, 629]	[631, 658]
EL_00550
EL_00551	[2503, 2520]	[2503, 2508]
EL_00552	[3803, 3830]	[4111, 4116]
EL_00553	[4879, 4906]	[5078, 5083]
EL_00554	[862, 870]
EL_00555	[2987, 2995]
EL_00556	[421, 431]	[783, 788]	[5336, 5341]	[5764, 5769]	[5834, 5835]
EL_00557	[478, 556]	[478, 498]	[488, 498]	[920, 927]	[3161, 3166]	[3193, 3198]	[3234, 3237]	[3282, 3287]	[3418, 3423]	[3447, 3452]	[3460, 3461]
EL_00558	[1308, 1312]
EL_00559	[3617, 3626]	[4604, 4613]
EL_00560
EL_00561	[117, 162]
EL_00562	[674, 683]	[686, 688]	[691, 704]
EL_00563	[610, 624]	[627, 640]
EL_00564	[655, 686]	[813, 822]	[1014, 1023]	[1166, 1168]	[1983, 1986]
EL_00565	[159, 163]	[666, 670]	[858, 862]	[994, 998]
EL_00566
EL_00567
EL_00568	[253, 265]	[798, 810]	[1172, 1184]	[2110, 2164]	[2110, 2122]	[2124, 2164]	[2175, 2245]	[2175, 2212]	[2175, 2187]	[2197, 2212]	[2269, 2272]	[2366, 2368]
EL_00569
EL_00570	[714, 839]	[714, 759]	[764, 839]	[958, 969]	[1673, 1684]
EL_00571	[284, 425]
EL_00572	[624, 628]	[1111, 1117]	[1197, 1203]
EL_00573	[3052, 3056]
EL_00574	[605, 618]
EL_00575	[2277, 2281]
EL_00576	[1173, 1177]	[1354, 1362]	[1911, 1915]
EL_00577	[169, 184]	[241, 388]	[384, 387]	[1106, 1113]	[1117, 1247]
EL_00578	[467, 473]
EL_00579	[4062, 4080]	[7110, 7112]
EL_00580	[109, 161]
EL_00581
EL_00582	[264, 274]
EL_00583	[200, 226]	[200, 217]	[205, 217]	[236, 239]	[274, 276]	[295, 298]	[340, 342]	[432, 437]	[752, 759]	[778, 785]	[1085, 1092]	[1141, 1146]	[1850, 1855]	[1901, 1903]	[1913, 1916]	[2157, 2187]	[2157, 2162]	[2246, 2253]	[2387, 2394]	[2858, 2865]	[3159, 3166]	[3540, 3545]	[3669, 3676]	[3966, 3971]
EL_00584	[3839, 3870]	[4181, 4188]
EL_00585	[1266, 1272]
EL_00586	[2304, 2308]
EL_00587	[430, 453]
EL_00588	[288, 345]	[340, 344]
EL_00589
EL_00590	[1889, 1923]	[5342, 5361]
EL_00591	[477, 489]	[493, 500]	[761, 780]	[947, 954]	[1164, 1176]	[1196, 1198]	[1314, 1318]	[1320, 1322]
EL_00592	[104, 171]	[291, 308]	[373, 381]
EL_00593
EL_00594	[7173, 7181]
EL_00595	[325, 333]
EL_00596	[325, 333]
EL_00597	[582, 590]
EL_00598
EL_00599
EL_00600	[965, 975]	[998, 1003]
EL_00601
EL_00602
EL_00603	[804, 821]	[804, 810]
EL_00604	[3499, 3505]
EL_00605
EL_00606
EL_00607	[2948, 2955]
EL_00608	[953, 957]
EL_00609	[3184, 3189]
EL_00610
EL_00611	[7077, 7117]	[7260, 7270]
EL_00612	[2805, 2815]
EL_00613	[321, 331]	[656, 666]
EL_00614	[353, 358]
EL_00615
EL_00616
EL_00617
EL_00618
EL_00619
EL_00620
EL_00621	[298, 305]	[939, 946]	[1128, 1135]
EL_00622
EL_00623
EL_00624	[271, 279]
EL_00625	[267, 275]
EL_00626	[275, 283]
EL_00627	[262, 270]	[2474, 2482]
EL_00628	[276, 284]	[3154, 3162]
EL_00629	[1324, 1328]	[2814, 2818]	[2908, 2916]
EL_00630	[665, 669]	[886, 890]
EL_00631
EL_00632	[1700, 1704]	[2432, 2436]
EL_00633	[850, 854]	[1813, 1819]	[2266, 2270]	[2290, 2293]
EL_00634	[854, 881]	[876, 880]
EL_00635	[1605, 1608]
EL_00636	[121, 322]
EL_00637	[881, 909]	[911, 914]	[988, 991]	[1144, 1147]	[4121, 4149]	[4151, 4154]	[4228, 4231]	[4384, 4387]	[7361, 7389]	[7391, 7394]	[7468, 7471]	[7624, 7627]
EL_00638	[3825, 3829]
EL_00639
EL_00640
EL_00641
EL_00642	[1801, 1804]
EL_00643
EL_00644	[662, 666]
EL_00645	[483, 530]	[487, 530]	[2256, 2267]	[2568, 2573]	[2738, 2743]	[4715, 4724]
EL_00646
EL_00647
EL_00648
EL_00649
EL_00650
EL_00651
EL_00652	[1952, 1956]
EL_00653
EL_00654
EL_00655	[4125, 4128]
EL_00656	[703, 731]	[1138, 1141]	[1544, 1547]
EL_00657	[36, 294]	[290, 293]	[685, 692]
EL_00658
EL_00659	[3320, 3328]
EL_00660
EL_00661	[474, 475]	[535, 548]	[573, 574]	[732, 738]	[1157, 1162]
EL_00662	[942, 967]	[1044, 1047]	[1152, 1161]	[1603, 1610]	[1664, 1671]	[4914, 4923]	[4944, 4947]	[4966, 4969]	[5099, 5102]	[5201, 5210]
EL_00663	[1815, 1834]
EL_00664
EL_00665
EL_00666	[1027, 1069]	[1122, 1131]	[1725, 1736]
EL_00667	[1175, 1229]	[1175, 1208]	[1210, 1228]	[1567, 1576]
EL_00668	[502, 536]	[502, 515]	[517, 535]	[695, 751]	[695, 735]	[737, 750]	[737, 746]	[755, 945]	[1070, 1081]	[1528, 1573]	[1664, 1673]	[1763, 1796]	[1763, 1772]	[1774, 1795]	[1870, 1879]	[2024, 2033]	[2037, 2136]	[2057, 2136]	[2154, 2156]	[2227, 2236]	[3906, 3917]
EL_00669
EL_00670	[1468, 1484]	[1490, 1492]	[1692, 1799]	[1692, 1698]
EL_00671	[6817, 6861]	[6910, 6913]	[7108, 7114]	[8123, 8126]
EL_00672	[5175, 5192]	[5453, 5459]	[5473, 5475]	[5516, 5518]	[5592, 5594]
EL_00673
EL_00674
EL_00675	[1824, 1842]	[1824, 1829]
EL_00676	[5830, 5835]
EL_00677	[756, 763]	[1815, 1822]
EL_00678	[4321, 4328]
EL_00679	[610, 616]	[1390, 1432]	[1390, 1396]	[1403, 1432]	[1684, 1690]
EL_00680	[2547, 2554]
EL_00681	[387, 430]	[387, 394]	[396, 430]
EL_00682	[1016, 1019]
EL_00683	[1602, 1605]	[2008, 2011]	[6751, 6754]	[7157, 7160]
EL_00684
EL_00685	[361, 393]
EL_00686	[3817, 3831]	[4173, 4179]	[4181, 4183]	[4186, 4332]	[4186, 4224]	[4338, 4340]
EL_00687
EL_00688	[491, 499]
EL_00689	[1646, 1738]	[1646, 1659]	[1661, 1738]	[2262, 2263]	[2392, 2399]
EL_00690
EL_00691
EL_00692
EL_00693	[3106, 3152]
EL_00694
EL_00695	[6546, 6551]
EL_00696	[172, 219]	[386, 391]
EL_00697	[292, 297]	[423, 428]
EL_00698	[172, 230]	[172, 219]	[349, 354]
EL_00699
EL_00700	[270, 277]	[1547, 1554]
EL_00701	[245, 298]	[245, 280]	[863, 879]	[872, 879]
EL_00702	[1567, 1644]
EL_00703	[545, 548]
EL_00704	[3362, 3365]
EL_00705	[549, 552]	[837, 844]	[1223, 1230]
EL_00706	[516, 524]
EL_00707
EL_00708	[1522, 1529]
EL_00709
EL_00710	[2977, 2996]	[5579, 5582]
EL_00711	[3694, 3703]
EL_00712	[1735, 1742]
EL_00713	[1400, 1428]
EL_00714	[5069, 5073]	[6440, 6986]	[8917, 8939]	[9296, 9304]
EL_00715
EL_00716
EL_00717	[117, 238]	[117, 220]	[222, 238]
EL_00718
EL_00719
EL_00720
EL_00721	[870, 871]	[923, 1004]	[923, 934]	[936, 1004]	[959, 962]	[1012, 1013]	[1183, 1189]	[1200, 1251]	[1200, 1206]	[1208, 1250]	[3981, 3983]	[3990, 3991]	[4089, 4106]	[4119, 4120]
EL_00722	[7885, 7900]	[8241, 8250]
EL_00723	[650, 651]	[823, 852]	[1338, 1344]	[1426, 1428]	[1455, 1458]	[1632, 1638]	[1797, 1803]	[1821, 1823]
EL_00724	[4126, 4137]
EL_00725	[337, 348]	[554, 565]	[642, 658]	[642, 653]
EL_00726	[3371, 3376]
EL_00727	[1938, 1947]
EL_00728	[1693, 1702]
EL_00729	[747, 771]	[1396, 1406]
EL_00730	[471, 494]	[1756, 1766]	[2488, 2498]	[4390, 4413]	[4394, 4413]
EL_00731	[1658, 1679]	[2106, 2116]	[3622, 3632]	[3999, 4020]
EL_00732
EL_00733
EL_00734
EL_00735
EL_00736	[972, 995]	[972, 978]
EL_00737
EL_00738
EL_00739
EL_00740
EL_00741	[1403, 1410]
EL_00742	[3689, 3696]
EL_00743
EL_00744	[2993, 3070]	[2993, 3013]	[3015, 3070]	[3501, 3510]
EL_00745
EL_00746
EL_00747
EL_00748
EL_00749	[11922, 11960]
EL_00750	[3323, 3329]
EL_00751
EL_00752
EL_00753
EL_00754	[768, 819]	[3315, 3321]	[3403, 3405]
EL_00755
EL_00756
EL_00757	[2331, 2365]	[2721, 2730]
EL_00758	[830, 870]	[830, 854]	[856, 869]	[1095, 1104]	[1106, 1108]	[1114, 1116]
EL_00759
EL_00760
EL_00761	[684, 695]
EL_00762	[778, 789]
EL_00763	[181, 189]	[417, 835]	[417, 425]	[532, 561]	[553, 561]
EL_00764	[316, 380]	[816, 826]	[881, 884]	[935, 937]	[1007, 1014]	[1402, 1414]
EL_00765	[376, 411]	[741, 751]	[806, 808]	[1019, 1029]
EL_00766	[266, 301]	[733, 743]
EL_00767	[5092, 5173]
EL_00768	[1351, 1447]	[1351, 1371]	[1373, 1447]	[1373, 1396]	[1458, 1467]	[2004, 2022]	[2377, 2386]
EL_00769	[4870, 4885]	[4870, 4877]	[4879, 4884]
EL_00770	[542, 549]
EL_00771	[2436, 2443]
EL_00772
EL_00773
EL_00774	[2762, 2777]
EL_00775	[167, 180]	[362, 375]	[1004, 1110]	[1180, 1185]	[1236, 1238]	[1969, 1974]	[2152, 2161]	[2307, 2314]	[2436, 2443]	[2723, 2786]	[2723, 2728]	[2730, 2785]	[2855, 2858]	[2876, 2881]
EL_00776	[2804, 2815]
EL_00777	[1001, 1012]
EL_00778
EL_00779
EL_00780
EL_00781	[534, 547]
EL_00782	[1401, 1477]	[1401, 1413]	[1415, 1426]	[1428, 1444]	[1446, 1461]	[1466, 1477]	[1502, 1521]	[1502, 1508]	[1513, 1521]
EL_00783
EL_00784	[704, 726]	[797, 918]	[797, 803]	[805, 918]
EL_00785	[1169, 1215]	[1169, 1192]	[1178, 1192]	[1403, 1405]	[1502, 1508]
EL_00786	[773, 798]	[909, 1022]	[909, 915]	[917, 1021]	[1039, 1049]	[1062, 1064]	[1680, 1686]	[1885, 1891]	[2424, 2430]	[2511, 2517]	[2553, 2555]
EL_00787	[497, 530]	[1302, 1312]	[1621, 1631]	[2987, 2997]	[3460, 3470]
EL_00788
EL_00789	[1382, 1415]
EL_00790	[1359, 1366]
EL_00791	[224, 231]	[434, 441]
EL_00792	[359, 366]
EL_00793	[2226, 2233]
EL_00794	[4718, 4757]	[5022, 5027]
EL_00795
EL_00796	[214, 229]	[1572, 1575]
EL_00797	[223, 284]	[223, 230]	[232, 284]	[244, 284]	[421, 428]	[830, 837]	[1297, 1308]	[1972, 1979]	[2243, 2250]	[2480, 2487]
EL_00798	[229, 236]
EL_00799	[165, 208]
EL_00800	[438, 475]	[470, 474]
EL_00801	[3376, 3380]
EL_00802	[588, 592]
EL_00803	[326, 356]	[351, 355]	[2731, 2735]	[3354, 3362]
EL_00804	[1756, 1760]	[2225, 2233]
EL_00805	[415, 418]	[716, 719]
EL_00806
EL_00807	[7280, 7288]	[8466, 8474]
EL_00808	[1230, 1233]	[3705, 3708]
EL_00809	[1004, 1049]	[2001, 2009]	[3135, 3150]
EL_00810
EL_00811	[598, 616]	[1843, 1866]	[1843, 1857]	[1859, 1865]
EL_00812	[1138, 1158]	[1138, 1150]	[1152, 1158]
EL_00813	[2586, 2614]	[2635, 2636]	[2691, 2692]	[3372, 3377]
EL_00814	[3300, 3307]	[3466, 3473]
EL_00815	[520, 557]	[652, 662]
EL_00816	[2402, 2409]	[2441, 2448]
EL_00817	[546, 553]	[1120, 1127]
EL_00818	[902, 909]
EL_00819	[2128, 2136]
EL_00820	[2540, 2563]	[2766, 2774]
EL_00821
EL_00822
EL_00823
EL_00824	[921, 970]	[1243, 1250]
EL_00825	[1256, 1305]	[1329, 1336]
EL_00826	[5388, 5453]	[5388, 5404]	[5508, 5510]	[5516, 5519]	[5589, 5618]	[5589, 5600]	[5704, 5706]
EL_00827	[3424, 3539]	[3424, 3440]	[3442, 3539]	[3821, 3832]
EL_00828	[4892, 5000]	[4892, 4908]	[4910, 4999]	[5105, 5107]	[5118, 5121]	[6384, 6385]	[6411, 6422]	[6430, 6431]	[7371, 7395]
EL_00829	[1260, 1270]
EL_00830
EL_00831
EL_00832
EL_00833	[1324, 1329]
EL_00834	[478, 484]
EL_00835	[4980, 4986]
EL_00836	[4797, 4803]
EL_00837	[1725, 1762]	[1725, 1737]	[1739, 1762]	[2090, 2096]	[2108, 2109]	[2271, 2273]
EL_00838	[3228, 3263]	[3228, 3240]	[3242, 3262]	[3344, 3351]	[3637, 3644]	[3775, 3782]	[3816, 3818]	[3841, 3844]	[3882, 3884]
EL_00839
EL_00840
EL_00841
EL_00842	[2726, 2807]	[2726, 2740]	[2819, 2820]	[2863, 2864]	[2878, 2879]	[2904, 2905]	[2973, 2980]
EL_00843
EL_00844	[752, 788]
EL_00845	[5057, 5080]	[5057, 5064]
EL_00846	[3791, 3818]	[3791, 3798]
EL_00847	[8139, 8146]
EL_00848
EL_00849
EL_00850
EL_00851
EL_00852
EL_00853	[3258, 3268]	[3447, 3451]
EL_00854	[533, 541]
EL_00855	[3547, 3552]
EL_00856	[953, 1022]	[953, 965]	[967, 1022]	[1582, 1589]
EL_00857	[171, 176]	[389, 405]	[570, 583]	[1195, 1209]
EL_00858	[121, 168]	[322, 418]	[557, 567]	[680, 687]	[773, 812]	[773, 778]	[885, 887]	[893, 896]	[1270, 1277]	[1735, 1785]	[1735, 1740]	[1742, 1745]	[3375, 3380]
EL_00859	[2929, 2966]	[3223, 3233]
EL_00860	[3741, 3778]	[3853, 3863]	[4100, 4110]
EL_00861
EL_00862
EL_00863
EL_00864	[951, 1045]	[951, 963]	[965, 1045]	[1245, 1247]	[1593, 1598]	[1938, 1940]	[2138, 2140]
EL_00865	[3575, 3597]
EL_00866	[2315, 2324]
EL_00867
EL_00868
EL_00869
EL_00870
EL_00871	[253, 413]	[424, 431]	[930, 953]
EL_00872	[5236, 5319]	[5236, 5250]	[5373, 5441]	[5373, 5379]	[5381, 5440]	[5381, 5404]
EL_00873
EL_00874
EL_00875
EL_00876	[2298, 2355]
EL_00877	[5102, 5127]
EL_00878	[2741, 2757]
EL_00879
EL_00880
EL_00881
EL_00882
EL_00883	[232, 288]
EL_00884
EL_00885	[367, 376]
EL_00886
EL_00887	[897, 927]
EL_00888	[2551, 2558]
EL_00889	[787, 794]
EL_00890
EL_00891
EL_00892	[1634, 1645]
EL_00893
EL_00894	[8494, 8542]	[8494, 8502]	[8498, 8502]	[8504, 8542]
EL_00895	[1476, 1479]
EL_00896	[1477, 1480]
EL_00897	[852, 861]	[945, 952]	[2452, 2459]
EL_00898	[1026, 1029]
EL_00899	[2316, 2319]	[2405, 2412]
EL_00900	[2519, 2603]	[2519, 2533]	[2628, 2666]	[2628, 2636]	[2632, 2636]
EL_00901	[210, 215]	[382, 408]	[382, 387]	[389, 408]	[592, 597]	[770, 772]
EL_00902
EL_00903	[646, 650]
EL_00904
EL_00905	[1271, 1434]	[1271, 1279]	[1275, 1279]	[1281, 1294]	[1285, 1294]	[1319, 1331]	[1323, 1331]	[1333, 1357]	[1337, 1357]	[1359, 1366]	[1363, 1366]	[1368, 1375]	[1372, 1375]	[1377, 1381]	[1383, 1409]
EL_00906	[199, 202]	[373, 376]	[866, 918]	[890, 918]	[1154, 1161]	[1360, 1363]	[1377, 1387]	[1640, 1643]	[2644, 2651]	[2668, 2675]	[2672, 2675]	[2748, 2755]	[2752, 2755]	[2775, 2778]	[2854, 2861]	[2858, 2861]	[4516, 4523]	[4531, 4561]	[4645, 4652]	[4824, 4831]	[5210, 5217]	[5991, 5998]	[6002, 6008]	[6074, 6077]
EL_00907	[202, 242]	[318, 324]	[2677, 2686]	[2851, 2857]
EL_00908	[265, 298]	[451, 457]	[4237, 4243]	[5121, 5127]	[16905, 16911]	[18148, 18196]	[18148, 18154]
EL_00909	[586, 606]	[601, 605]
EL_00910
EL_00911	[159, 348]
EL_00912
EL_00913
EL_00914
EL_00915
EL_00916
EL_00917
EL_00918	[2173, 2209]	[2220, 2229]
EL_00919
EL_00920
EL_00921	[1572, 1658]	[1572, 1590]	[1592, 1657]	[1664, 1692]	[1664, 1666]	[1852, 1860]	[1945, 1946]	[1976, 1984]	[2023, 2024]	[2050, 2052]	[2211, 2212]
EL_00922
EL_00923
EL_00924
EL_00925
EL_00926	[687, 751]	[856, 869]	[1173, 1199]	[1981, 2045]	[1985, 2045]	[2118, 2131]
EL_00927
EL_00928
EL_00929	[4193, 4197]
EL_00930	[1020, 1024]	[1431, 1435]
EL_00931	[701, 717]
EL_00932	[5075, 5079]
EL_00933	[3096, 3113]
EL_00934	[807, 814]	[5293, 5300]
EL_00935	[413, 420]	[655, 662]	[1051, 1058]
EL_00936	[664, 702]	[664, 680]
EL_00937	[505, 512]
EL_00938	[169, 277]	[304, 325]	[496, 504]	[589, 592]	[631, 633]	[696, 704]	[773, 776]	[798, 800]	[1067, 1068]	[1096, 1104]	[1251, 1252]	[1491, 1499]	[1776, 1784]	[1932, 1940]	[1951, 1954]	[2243, 2253]	[2277, 2279]
EL_00939	[181, 187]	[273, 304]	[629, 640]	[629, 635]	[728, 730]
EL_00940	[1631, 1671]	[1631, 1645]	[1647, 1670]	[2012, 2014]	[2812, 2836]
EL_00941	[158, 319]	[486, 496]	[685, 695]	[706, 709]	[787, 799]	[978, 988]	[1022, 1024]	[1055, 1131]	[1055, 1065]	[1233, 1235]
EL_00942
EL_00943	[247, 459]	[247, 251]
EL_00944	[203, 276]	[203, 241]
EL_00945	[629, 644]	[863, 866]	[907, 910]
EL_00946
EL_00947	[214, 229]	[553, 578]	[887, 894]	[1769, 1772]	[2039, 2054]	[2771, 2774]	[3169, 3172]	[3209, 3212]	[3843, 3858]
EL_00948	[420, 433]
EL_00949	[1200, 1205]
EL_00950
EL_00951	[210, 280]	[210, 255]	[246, 255]	[257, 280]	[625, 634]
EL_00952	[202, 211]	[267, 276]	[650, 659]	[1944, 1953]	[3098, 3107]	[3477, 3488]	[4514, 4523]
EL_00953	[261, 270]
EL_00954	[198, 240]	[198, 236]	[227, 236]
EL_00955
EL_00956
EL_00957
EL_00958	[1409, 1501]	[1409, 1421]	[1687, 1701]
EL_00959	[456, 468]
EL_00960
EL_00961
EL_00962	[977, 1046]	[977, 1005]	[988, 1005]	[1081, 1083]	[1092, 1093]	[2330, 2335]	[2528, 2530]
EL_00963
EL_00964
EL_00965
EL_00966
EL_00967
EL_00968
EL_00969
EL_00970
EL_00971
EL_00972
EL_00973
EL_00974	[2132, 2137]
EL_00975
EL_00976	[2790, 2796]
EL_00977	[2121, 2127]
EL_00978	[1951, 1955]
EL_00979
EL_00980	[336, 341]
EL_00981
EL_00982	[2070, 2073]
EL_00983
EL_00984
EL_00985
EL_00986
EL_00987
EL_00988	[725, 737]
EL_00989	[1330, 1357]	[1330, 1342]	[1344, 1356]	[1715, 1727]
EL_00990	[685, 830]	[719, 737]	[955, 964]	[1138, 1147]
EL_00991
EL_00992
EL_00993
EL_00994
EL_00995
EL_00996
EL_00997
EL_00998
EL_00999	[955, 961]
EL_01000	[1209, 1215]
EL_01001
EL_01002
EL_01003
EL_01004
EL_01005
EL_01006
EL_01007
EL_01008
EL_01009
EL_01010	[294, 316]	[481, 484]	[970, 973]	[1142, 1270]	[1142, 1145]	[1262, 1270]	[1380, 1383]	[2014, 2113]	[2014, 2017]	[2515, 2518]	[2575, 2597]
EL_01011	[530, 533]	[747, 825]	[747, 750]	[831, 833]	[952, 955]	[999, 1005]	[1100, 1106]
EL_01012	[1587, 1608]	[1832, 1835]	[2029, 2032]
EL_01013
EL_01014
EL_01015	[260, 265]	[986, 999]	[986, 991]	[993, 999]
EL_01016	[6184, 6189]
EL_01017	[5520, 5528]
EL_01018	[1399, 1425]	[1399, 1404]	[1406, 1425]	[1406, 1410]
EL_01019	[330, 334]	[883, 887]
EL_01020	[909, 920]
EL_01021	[334, 350]
EL_01022	[3052, 3058]
EL_01023	[413, 419]	[735, 741]
EL_01024	[3696, 3726]	[5145, 5153]
EL_01025	[2077, 2092]
EL_01026	[336, 344]	[2586, 2594]	[4036, 4044]	[4433, 4441]
EL_01027	[4039, 4047]
EL_01028	[384, 391]	[2939, 2946]	[4306, 4313]	[6861, 6868]
EL_01029	[8031, 8038]
EL_01030	[3098, 3109]	[3142, 3149]	[3254, 3259]	[3348, 3350]
EL_01031	[3015, 3026]	[3142, 3158]	[3142, 3147]
EL_01032	[1581, 1604]
EL_01033
EL_01034
EL_01035	[1219, 1229]
EL_01036	[598, 638]	[598, 608]	[611, 614]
EL_01037	[7139, 7149]
EL_01038	[4096, 4132]	[4548, 4558]	[4631, 4633]	[4720, 4722]	[4811, 4821]
EL_01039
EL_01040	[920, 927]
EL_01041	[984, 991]	[1202, 1209]	[1752, 1759]
EL_01042	[1685, 1692]	[3055, 3062]
EL_01043	[5365, 5372]
EL_01044	[404, 480]	[404, 412]
EL_01045	[499, 512]	[730, 736]
EL_01046	[283, 336]	[471, 472]	[523, 524]	[562, 564]	[641, 643]	[823, 824]	[909, 911]	[927, 932]	[1002, 1005]	[1083, 1084]	[1129, 1130]	[1197, 1202]	[1213, 1215]	[1228, 1231]	[1305, 1307]
EL_01047	[976, 982]
EL_01048
EL_01049	[900, 907]
EL_01050
EL_01051	[255, 553]	[255, 264]	[266, 553]	[594, 603]	[1366, 1376]	[2512, 2521]
EL_01052	[255, 553]	[255, 264]	[266, 553]	[594, 603]	[1366, 1376]	[1744, 1753]
EL_01053
EL_01054	[215, 327]	[215, 254]	[644, 651]	[809, 816]
EL_01055	[279, 284]	[2606, 2611]	[5582, 5591]	[5586, 5591]
EL_01056
EL_01057
EL_01058
EL_01059	[1118, 1121]
EL_01060	[462, 465]
EL_01061	[3670, 3673]
EL_01062	[822, 825]
EL_01063	[3995, 3998]
EL_01064	[1157, 1182]
EL_01065
EL_01066
EL_01067
EL_01068	[562, 631]	[604, 608]	[681, 685]
EL_01069	[1257, 1261]
EL_01070
EL_01071	[1313, 1318]
EL_01072
EL_01073
EL_01074
EL_01075	[478, 496]	[491, 495]	[511, 514]	[1785, 1793]
EL_01076
EL_01077
EL_01078
EL_01079
EL_01080
EL_01081
EL_01082
EL_01083
EL_01084
EL_01085
EL_01086
EL_01087
EL_01088	[366, 375]
EL_01089	[6518, 6527]
EL_01090	[198, 207]	[642, 651]	[750, 759]	[1763, 1772]	[3763, 3772]	[4172, 4181]	[4610, 4619]	[4656, 4660]	[4663, 4706]	[4983, 4992]	[5086, 5095]	[5757, 5766]	[6743, 6760]	[6990, 7007]
EL_01091	[1241, 1271]	[1241, 1246]
EL_01092	[955, 962]
EL_01093	[392, 399]
EL_01094	[2170, 2184]	[2170, 2179]	[2181, 2184]
EL_01095	[7411, 7420]	[8184, 8193]
EL_01096
EL_01097	[579, 589]
EL_01098	[1968, 1979]
EL_01099	[576, 582]
EL_01100
EL_01101	[3476, 3488]	[3577, 3579]	[4213, 4220]	[4227, 4230]
EL_01102	[5313, 5381]	[5313, 5328]	[5330, 5380]	[5600, 5607]
EL_01103	[1940, 1952]	[1979, 1980]	[2120, 2126]	[2142, 2144]	[2160, 2161]	[2267, 2274]
EL_01104	[2796, 2816]	[2894, 2896]	[3015, 3018]
EL_01105	[4623, 4658]
EL_01106
EL_01107
EL_01108
EL_01109
EL_01110
EL_01111
EL_01112	[2188, 2199]
EL_01113	[159, 168]	[309, 390]	[309, 318]	[320, 389]	[377, 389]	[625, 631]	[643, 657]	[738, 744]	[842, 848]	[867, 874]	[882, 884]	[906, 908]	[943, 945]	[1201, 1206]	[1220, 1222]	[1294, 1297]	[1335, 1338]
EL_01114	[158, 172]	[581, 595]	[738, 746]
EL_01115	[207, 221]	[653, 659]
EL_01116	[340, 354]	[484, 490]
EL_01117	[231, 245]	[599, 613]	[623, 626]	[4394, 4408]
EL_01118	[557, 571]
EL_01119	[159, 167]	[330, 338]	[1031, 1039]
EL_01120
EL_01121
EL_01122
EL_01123	[6039, 6044]
EL_01124	[1422, 1429]
EL_01125	[1262, 1283]	[1262, 1269]	[1271, 1283]
EL_01126	[1263, 1287]	[1263, 1270]	[1272, 1287]	[1588, 1595]
EL_01127	[477, 531]	[477, 484]	[486, 531]	[1431, 1438]	[1644, 1651]
EL_01128	[2296, 2413]	[2296, 2311]	[2313, 2413]	[2416, 2418]	[2427, 2449]	[2908, 2915]	[5766, 5773]
EL_01129
EL_01130
EL_01131	[513, 564]	[513, 526]	[528, 564]	[719, 726]
EL_01132
EL_01133
EL_01134
EL_01135
EL_01136
EL_01137	[3327, 3337]
EL_01138	[1249, 1259]
EL_01139
EL_01140
EL_01141
EL_01142
EL_01143
EL_01144	[4383, 4391]
EL_01145	[1733, 1741]
EL_01146	[190, 196]	[320, 326]
EL_01147
EL_01148
EL_01149
EL_01150	[2276, 2304]
EL_01151
EL_01152
EL_01153
EL_01154	[1123, 1132]
EL_01155	[537, 546]
EL_01156	[1686, 1695]
EL_01157	[1783, 1822]	[1783, 1792]
EL_01158	[3165, 3181]
EL_01159	[545, 554]	[929, 940]	[2108, 2117]	[2175, 2178]	[2250, 2253]	[2410, 2419]	[2866, 2877]
EL_01160	[1894, 1967]	[5511, 5527]
EL_01161	[745, 778]	[1005, 1013]
EL_01162	[5118, 5124]
EL_01163	[2893, 2993]	[2893, 2915]	[2897, 2915]	[2917, 2992]	[3334, 3336]	[4027, 4039]
EL_01164
EL_01165
EL_01166	[443, 450]	[668, 675]
EL_01167	[1385, 1390]
EL_01168	[730, 735]	[1165, 1170]
EL_01169	[730, 735]	[1165, 1170]
EL_01170
EL_01171	[4879, 4904]	[4879, 4885]
EL_01172
EL_01173	[409, 415]
EL_01174	[6057, 6063]
EL_01175	[930, 939]
EL_01176
EL_01177
EL_01178
EL_01179
EL_01180	[7243, 7251]
EL_01181	[4598, 4606]
EL_01182	[325, 331]	[1007, 1013]
EL_01183	[402, 461]	[402, 419]	[413, 419]
EL_01184	[449, 455]
EL_01185	[209, 303]	[209, 267]	[258, 267]	[269, 303]	[3961, 3970]
EL_01186	[240, 247]
EL_01187
EL_01188	[374, 407]	[978, 981]	[1433, 1442]	[1611, 1614]
EL_01189
EL_01190	[202, 237]
EL_01191	[188, 192]	[318, 340]	[408, 445]	[408, 412]	[414, 444]	[552, 554]
EL_01192
EL_01193
EL_01194
EL_01195
EL_01196
EL_01197
EL_01198	[1002, 1009]
EL_01199
EL_01200	[667, 671]
EL_01201	[2868, 2888]
EL_01202	[2112, 2121]
EL_01203	[2228, 2245]
EL_01204	[2484, 2501]
EL_01205	[2773, 2776]
EL_01206	[482, 487]
EL_01207	[6534, 6541]
EL_01208	[700, 783]	[774, 782]	[1182, 1200]	[1182, 1192]	[1847, 1870]	[1862, 1870]	[2443, 2451]	[2869, 2926]	[2869, 2907]	[2869, 2877]	[3725, 3733]	[4030, 4038]
EL_01209	[603, 611]	[805, 813]	[2236, 2246]	[2782, 2790]	[3006, 3014]
EL_01210	[946, 1079]	[986, 989]
EL_01211	[800, 838]	[834, 837]	[938, 941]	[2012, 2019]	[2016, 2019]
EL_01212	[117, 161]
EL_01213	[1409, 1485]	[1427, 1430]	[1751, 1758]	[1755, 1758]
EL_01214
EL_01215	[874, 877]	[2325, 2332]	[2541, 2544]	[2758, 2793]	[2758, 2765]
EL_01216
EL_01217	[935, 943]	[1474, 1482]	[1478, 1482]	[1599, 1603]	[2808, 2816]	[3032, 3040]
EL_01218	[702, 710]	[777, 780]
EL_01219
EL_01220	[470, 473]
EL_01221	[451, 457]	[480, 488]	[2080, 2088]
EL_01222	[916, 945]	[941, 944]	[1015, 1022]
EL_01223	[464, 500]	[487, 490]	[780, 789]
EL_01224	[447, 450]
EL_01225
EL_01226	[494, 498]	[840, 850]	[1525, 1533]
EL_01227	[1742, 1745]	[1776, 1783]
EL_01228	[690, 782]	[778, 781]	[797, 799]
EL_01229	[182, 259]	[182, 223]
EL_01230	[176, 299]	[176, 220]	[212, 220]
EL_01231	[210, 218]
EL_01232	[263, 271]
EL_01233	[270, 343]	[270, 280]
EL_01234	[1108, 1112]	[1193, 1196]
EL_01235
EL_01236
EL_01237	[2792, 2800]	[2832, 2834]
EL_01238	[643, 657]	[1541, 1544]	[1652, 1655]	[2096, 2099]
EL_01239
EL_01240	[379, 399]	[394, 398]	[1245, 1255]	[2135, 2143]
EL_01241	[188, 192]	[394, 398]
EL_01242
EL_01243	[541, 544]
EL_01244	[425, 429]	[435, 438]	[1156, 1160]	[1292, 1294]
EL_01245
EL_01246	[4768, 4775]
EL_01247
EL_01248	[1217, 1302]
EL_01249
EL_01250	[218, 228]	[2245, 2255]	[2452, 2457]	[2961, 2971]	[3020, 3025]	[3198, 3202]	[6206, 6216]
EL_01251	[660, 666]
EL_01252	[818, 828]
EL_01253	[489, 495]
EL_01254	[757, 763]
EL_01255	[902, 908]
EL_01256	[1540, 1546]
EL_01257	[1643, 1649]
EL_01258	[1292, 1298]
EL_01259	[1106, 1123]
EL_01260	[987, 1004]
EL_01261	[2701, 2708]	[2968, 2975]
EL_01262	[965, 972]
EL_01263	[2366, 2373]
EL_01264	[653, 664]	[1188, 1193]
EL_01265	[2544, 2549]
EL_01266	[412, 417]
EL_01267	[1864, 1902]	[1864, 1869]
EL_01268	[3980, 3985]
EL_01269
EL_01270	[1443, 1451]
EL_01271	[492, 500]	[1170, 1178]	[1250, 1258]
EL_01272	[3433, 3442]
EL_01273	[645, 738]
EL_01274	[1992, 1998]
EL_01275
EL_01276	[1485, 1490]
EL_01277	[1799, 1805]
EL_01278	[944, 950]
EL_01279
EL_01280	[483, 519]	[483, 493]
EL_01281	[505, 515]
EL_01282	[1735, 1745]	[2199, 2209]
EL_01283	[410, 453]	[410, 420]	[422, 453]	[592, 602]
EL_01284	[1528, 1538]
EL_01285	[1035, 1045]
EL_01286	[3467, 3477]
EL_01287	[599, 609]
EL_01288	[3408, 3418]
EL_01289	[8177, 8187]
EL_01290	[6236, 6246]
EL_01291
EL_01292
EL_01293
EL_01294	[1478, 1485]
EL_01295	[949, 968]
EL_01296	[4776, 4785]
EL_01297
EL_01298	[1851, 1870]	[2329, 2339]
EL_01299	[242, 256]
EL_01300
EL_01301
EL_01302
EL_01303
EL_01304	[1577, 1587]
EL_01305	[4740, 4751]
EL_01306	[4744, 4755]
EL_01307	[1579, 1589]
EL_01308	[7186, 7196]
EL_01309
EL_01310	[976, 989]	[2861, 2874]	[3020, 3023]	[4213, 4215]	[5130, 5143]	[7483, 7485]
EL_01311	[1059, 1072]	[4702, 4719]
EL_01312	[500, 513]
EL_01313	[566, 582]
EL_01314	[4273, 4280]
EL_01315	[5945, 5952]
EL_01316	[2212, 2261]	[2212, 2239]	[2228, 2239]	[2241, 2261]	[4900, 4939]	[4900, 4907]	[4909, 4939]
EL_01317	[188, 195]	[382, 423]	[468, 471]	[582, 589]	[820, 827]	[1057, 1064]	[1127, 1130]	[1392, 1393]	[1430, 1432]	[1440, 1447]	[1672, 1675]	[1868, 1871]	[1975, 2013]	[1975, 1982]	[2053, 2059]	[2251, 2258]	[2496, 2503]	[2514, 2533]	[2846, 2853]	[3216, 3217]	[3274, 3280]	[3288, 3351]	[3288, 3295]	[3343, 3346]	[3357, 3358]	[3584, 3591]	[3596, 3719]	[3630, 3633]	[3842, 3849]	[3898, 3900]	[3938, 3945]	[4182, 4189]	[4680, 4687]	[4865, 5008]	[4865, 4872]	[4885, 4888]	[4978, 4981]	[5011, 5012]
EL_01318	[692, 708]
EL_01319	[109, 167]
EL_01320
EL_01321
EL_01322	[8834, 8842]
EL_01323
EL_01324
EL_01325	[471, 565]	[471, 480]
EL_01326	[180, 189]
EL_01327	[310, 325]	[551, 559]	[564, 567]	[3456, 3464]	[3469, 3472]
EL_01328	[748, 753]
EL_01329	[2234, 2239]
EL_01330	[256, 264]	[778, 786]
EL_01331	[1806, 1816]
EL_01332
EL_01333
EL_01334
EL_01335
EL_01336
EL_01337
EL_01338
EL_01339
EL_01340	[2447, 2457]
EL_01341	[1144, 1158]
EL_01342
EL_01343
EL_01344	[621, 629]	[932, 940]
EL_01345	[323, 331]
EL_01346	[470, 509]	[837, 844]
EL_01347	[543, 602]	[1158, 1187]	[1180, 1187]	[1342, 1349]
EL_01348	[8155, 8182]
EL_01349	[1049, 1059]
EL_01350
EL_01351
EL_01352
EL_01353
EL_01354
EL_01355	[1657, 1663]
EL_01356	[1657, 1663]
EL_01357	[4355, 4359]
EL_01358
EL_01359
EL_01360
EL_01361	[1556, 1592]	[1556, 1566]
EL_01362
EL_01363	[2332, 2412]	[2332, 2342]	[2344, 2411]	[2344, 2371]	[2418, 2420]	[2502, 2507]	[2611, 2613]
EL_01364	[2508, 2579]	[2508, 2543]	[2533, 2543]
EL_01365	[855, 865]
EL_01366
EL_01367	[406, 434]	[1112, 1140]
EL_01368	[3194, 3222]
EL_01369	[859, 893]
EL_01370	[944, 980]	[1157, 1171]
EL_01371	[272, 318]	[450, 462]	[846, 858]	[1261, 1273]	[1517, 1529]	[1553, 1565]	[1636, 1648]
EL_01372	[468, 504]
EL_01373	[510, 531]
EL_01374
EL_01375
EL_01376	[2116, 2151]
EL_01377	[765, 772]	[847, 854]
EL_01378	[3938, 3942]
EL_01379	[184, 192]	[366, 374]	[512, 579]	[742, 750]	[1406, 1414]	[1940, 1948]
EL_01380	[238, 246]	[797, 805]	[1405, 1413]	[2216, 2218]	[2515, 2531]	[2519, 2531]
EL_01381	[2132, 2140]
EL_01382	[4418, 4442]
EL_01383	[2692, 2700]
EL_01384	[3088, 3096]
EL_01385	[3103, 3111]
EL_01386	[400, 408]	[721, 729]
EL_01387	[378, 771]	[774, 778]	[840, 847]	[996, 998]	[1028, 1032]	[1256, 1258]	[1342, 1344]	[1423, 1427]	[1476, 1480]	[1489, 1492]	[1697, 1699]	[2014, 2018]	[2027, 2028]	[2142, 2143]	[2256, 2258]	[2271, 2272]	[2293, 2295]	[2331, 2333]
EL_01388	[369, 406]
EL_01389	[6516, 6546]	[6741, 6769]	[6756, 6769]	[6906, 6910]
EL_01390	[1976, 1987]	[1991, 2195]	[2320, 2328]
EL_01391	[1466, 1502]	[1748, 1752]
EL_01392	[385, 523]
EL_01393	[695, 708]	[1235, 1239]	[1244, 1247]	[3265, 3269]	[3713, 3717]
EL_01394
EL_01395
EL_01396
EL_01397
EL_01398	[924, 935]
EL_01399	[679, 690]
EL_01400	[4749, 4770]
EL_01401	[779, 789]
EL_01402	[690, 698]
EL_01403	[3505, 3513]
EL_01404	[1156, 1221]	[2270, 2277]
EL_01405	[985, 1015]	[1037, 1039]	[1181, 1183]	[1259, 1284]	[1372, 1379]	[1653, 1660]	[1666, 1668]	[1879, 1886]	[2150, 2157]
EL_01406
EL_01407
EL_01408
EL_01409
EL_01410
EL_01411	[5948, 5958]
EL_01412	[206, 261]	[664, 688]	[716, 722]	[727, 730]	[1025, 1031]	[1073, 1076]	[1089, 1091]	[1272, 1278]	[1788, 1794]
EL_01413	[3538, 3544]	[5622, 5628]
EL_01414	[565, 573]
EL_01415	[2539, 2663]	[2539, 2566]	[2568, 2662]
EL_01416	[444, 451]	[3898, 3905]	[4281, 4288]
EL_01417	[425, 432]	[1963, 1970]	[3168, 3175]	[3551, 3558]
EL_01418	[502, 544]	[502, 509]
EL_01419
EL_01420
EL_01421
EL_01422
EL_01423	[4390, 4429]	[5345, 5349]
EL_01424	[517, 520]	[705, 724]	[1182, 1189]	[1201, 1204]
EL_01425	[1915, 1918]
EL_01426	[454, 457]	[1598, 1605]
EL_01427	[512, 521]	[589, 598]	[650, 659]
EL_01428	[1218, 1221]
EL_01429
EL_01430	[649, 669]
EL_01431
EL_01432	[1740, 1748]
EL_01433	[459, 526]	[521, 525]	[674, 676]
EL_01434	[420, 424]
EL_01435	[1566, 1569]
EL_01436	[1964, 1967]
EL_01437	[2454, 2489]
EL_01438	[615, 618]
EL_01439
EL_01440
EL_01441
EL_01442	[593, 646]	[641, 645]	[657, 665]	[780, 788]	[1037, 1045]	[1358, 1366]	[1539, 1547]
EL_01443
EL_01444	[708, 761]	[756, 760]
EL_01445	[1264, 1330]	[1312, 1316]
EL_01446	[939, 971]
EL_01447	[190, 199]	[651, 662]	[651, 655]
EL_01448
EL_01449	[2241, 2289]
EL_01450	[1719, 1786]
EL_01451
EL_01452	[176, 277]	[176, 222]	[213, 222]	[303, 312]
EL_01453	[273, 343]	[273, 282]
EL_01454	[1390, 1397]	[1403, 1405]	[2578, 2585]
EL_01455	[969, 972]	[2622, 2625]
EL_01456	[2800, 2803]
EL_01457	[381, 384]
EL_01458	[421, 449]	[1434, 1444]	[1786, 1789]	[4330, 4337]	[4436, 4439]	[4745, 4748]	[5038, 5048]
EL_01459
EL_01460	[4194, 4197]	[4234, 4236]
EL_01461	[1803, 1810]
EL_01462	[177, 180]	[406, 462]	[406, 409]	[448, 462]	[1210, 1234]
EL_01463
EL_01464
EL_01465	[367, 374]	[378, 410]	[542, 545]	[1823, 1832]
EL_01466	[109, 163]	[404, 412]	[737, 741]	[785, 789]	[912, 950]	[975, 983]	[1035, 1037]	[1368, 1376]	[1421, 1423]
EL_01467	[2042, 2167]	[2169, 2184]	[2258, 2263]
EL_01468	[1472, 1476]	[1675, 1679]	[1690, 1693]	[1870, 1918]	[1870, 1874]	[2074, 2076]	[2246, 2248]	[2420, 2426]	[2567, 2571]	[2580, 2583]	[2645, 2649]
EL_01469	[348, 387]	[382, 386]	[1316, 1327]
EL_01470	[4054, 4061]
EL_01471	[221, 320]	[221, 291]	[284, 291]	[293, 320]	[506, 517]	[1770, 1781]	[2230, 2414]	[2230, 2284]	[2230, 2237]	[2239, 2284]	[2265, 2284]	[2273, 2284]	[3074, 3081]	[3397, 3404]	[3968, 3975]	[4015, 4017]
EL_01472	[191, 242]	[191, 238]
EL_01473	[9011, 9018]
EL_01474	[2885, 2890]	[3663, 3672]
EL_01475	[596, 603]
EL_01476
EL_01477
EL_01478
EL_01479	[2149, 2153]
EL_01480	[1402, 1421]
EL_01481	[1122, 1128]
EL_01482	[1743, 1818]	[1743, 1780]	[1768, 1780]	[1965, 2030]	[1965, 1969]
EL_01483	[829, 833]
EL_01484	[333, 369]	[333, 345]	[438, 444]	[753, 767]
EL_01485	[493, 499]
EL_01486
EL_01487
EL_01488
EL_01489	[3747, 3750]
EL_01490
EL_01491
EL_01492
EL_01493
EL_01494
EL_01495
EL_01496
EL_01497
EL_01498
EL_01499
EL_01500
EL_01501
EL_01502
EL_01503
EL_01504
EL_01505
EL_01506
EL_01507
EL_01508
EL_01509
EL_01510
EL_01511
EL_01512
EL_01513
EL_01514
EL_01515
EL_01516
EL_01517	[1892, 1900]
EL_01518	[602, 679]	[602, 616]	[1521, 1527]
EL_01519	[158, 174]	[333, 360]	[504, 510]
EL_01520
EL_01521
EL_01522
EL_01523	[314, 320]
EL_01524	[3536, 3542]
EL_01525	[3288, 3294]
EL_01526
EL_01527	[3589, 3595]	[3734, 3742]	[3828, 3834]	[3850, 3856]
EL_01528
EL_01529
EL_01530
EL_01531
EL_01532
EL_01533
EL_01534
EL_01535
EL_01536
EL_01537
EL_01538
EL_01539
EL_01540
EL_01541
EL_01542
EL_01543
EL_01544
EL_01545
EL_01546	[5508, 5516]
EL_01547	[4732, 4740]
EL_01548	[2061, 2068]
EL_01549
EL_01550
EL_01551
EL_01552
EL_01553
EL_01554
EL_01555
EL_01556
EL_01557	[364, 371]
EL_01558	[900, 920]
EL_01559	[1932, 1949]	[2873, 2883]	[2896, 2897]
EL_01560	[849, 869]	[905, 911]	[915, 1018]	[1057, 1059]	[1833, 1841]
EL_01561	[159, 172]	[407, 412]	[483, 496]	[600, 605]
EL_01562	[742, 775]
EL_01563	[3362, 3385]
EL_01564	[3773, 3778]
EL_01565	[680, 695]	[851, 874]	[851, 856]	[1023, 1028]	[1129, 1131]
EL_01566	[699, 704]	[1046, 1051]	[1237, 1242]	[1278, 1280]	[2867, 2872]	[2968, 2970]	[3025, 3028]
EL_01567
EL_01568
EL_01569
EL_01570
EL_01571
EL_01572	[1360, 1370]	[3338, 3348]	[4362, 4372]	[4471, 4481]
EL_01573
EL_01574	[896, 903]
EL_01575	[2749, 2761]
EL_01576	[218, 278]	[218, 258]	[252, 258]
EL_01577	[8020, 8047]	[8020, 8029]
EL_01578	[1120, 1207]	[1120, 1135]	[1137, 1206]	[1816, 1822]
EL_01579	[941, 1031]	[941, 948]	[950, 1031]	[1136, 1143]
EL_01580	[261, 264]
EL_01581
EL_01582
EL_01583	[1864, 1866]
EL_01584
EL_01585	[1095, 1102]
EL_01586	[316, 354]
EL_01587	[183, 285]	[183, 227]	[221, 227]	[641, 726]	[641, 647]	[649, 726]
EL_01588	[4632, 4668]	[4632, 4647]	[4649, 4667]	[4679, 4680]	[4827, 4828]	[5270, 5279]
EL_01589	[435, 483]
EL_01590	[1848, 1885]	[1848, 1855]
EL_01591	[2049, 2056]
EL_01592	[4320, 4340]	[4554, 4563]
EL_01593	[3149, 3153]	[3797, 3822]	[3797, 3801]
EL_01594	[2698, 2702]
EL_01595	[2562, 2566]	[2696, 2700]	[3142, 3146]	[3354, 3358]	[6182, 6218]	[6182, 6186]
EL_01596	[1185, 1189]
EL_01597	[2296, 2300]
EL_01598	[3609, 3613]
EL_01599	[657, 661]
EL_01600	[692, 809]	[692, 709]
EL_01601	[696, 822]	[696, 716]	[700, 716]	[824, 830]	[2400, 2415]	[2774, 2780]	[3155, 3158]
EL_01602	[953, 960]
EL_01603	[2169, 2174]
EL_01604	[2121, 2130]
EL_01605	[2590, 2601]
EL_01606	[2002, 2054]	[2002, 2008]	[2037, 2054]
EL_01607	[207, 253]
EL_01608	[3017, 3163]	[3017, 3023]
EL_01609	[420, 426]	[670, 676]
EL_01610
EL_01611	[865, 871]
EL_01612	[914, 943]	[914, 920]	[2285, 2291]
EL_01613	[836, 842]
EL_01614	[1272, 1280]
EL_01615	[5691, 5696]
EL_01616	[4077, 4094]	[4077, 4086]
EL_01617	[1678, 1687]
EL_01618	[1522, 1526]
EL_01619
EL_01620	[462, 489]	[462, 479]
EL_01621	[1925, 1928]
EL_01622	[196, 199]	[411, 414]	[557, 560]
EL_01623	[2971, 2974]	[3137, 3144]	[3362, 3515]	[3362, 3369]	[3366, 3369]
EL_01624	[219, 304]	[219, 251]	[253, 304]
EL_01625	[231, 236]
EL_01626	[3908, 3921]	[3908, 3916]	[7371, 7383]	[7375, 7383]
EL_01627
EL_01628	[590, 593]	[1061, 1064]
EL_01629	[1668, 1703]	[1770, 1773]	[2948, 2955]	[3199, 3206]	[3435, 3437]
EL_01630
EL_01631	[3172, 3257]	[3172, 3218]	[3220, 3230]	[3232, 3242]	[3247, 3257]
EL_01632	[2666, 2706]	[2702, 2705]	[3241, 3244]
EL_01633	[1571, 1634]	[1605, 1622]	[1616, 1634]	[1636, 1639]	[2074, 2077]
EL_01634
EL_01635	[471, 530]	[471, 502]	[498, 501]	[504, 530]	[616, 619]	[846, 855]	[2675, 2684]	[3751, 3760]
EL_01636	[1134, 1137]	[1290, 1293]
EL_01637	[158, 189]
EL_01638	[475, 482]	[866, 873]
EL_01639
EL_01640	[410, 426]	[940, 946]	[958, 960]	[1057, 1063]	[1294, 1300]	[1312, 1314]	[1332, 1335]	[1409, 1412]	[1546, 1548]	[1581, 1583]	[1667, 1669]	[1726, 1734]	[2049, 2055]	[2150, 2152]	[2204, 2206]	[2985, 2999]	[3024, 3026]	[3103, 3105]	[3116, 3118]	[3239, 3243]	[3248, 3256]
EL_01641	[159, 330]	[332, 345]	[387, 411]	[542, 548]	[578, 592]
EL_01642	[2076, 2113]	[2120, 2122]	[2460, 2467]	[2478, 2480]
EL_01643	[2551, 2559]
EL_01644	[671, 677]
EL_01645	[2420, 2426]
EL_01646
EL_01647	[4703, 4715]
EL_01648	[1563, 1575]
EL_01649	[976, 994]
EL_01650	[364, 380]	[3210, 3222]
EL_01651	[2457, 2469]
EL_01652	[526, 532]	[909, 915]
EL_01653	[563, 573]	[2018, 2022]
EL_01654	[453, 461]	[1278, 1286]	[1803, 1811]
EL_01655	[579, 601]
EL_01656
EL_01657
EL_01658
EL_01659
EL_01660
EL_01661
EL_01662	[473, 482]
EL_01663	[506, 523]
EL_01664	[313, 320]	[942, 949]
EL_01665
EL_01666	[370, 380]	[3619, 3629]
EL_01667
EL_01668	[4397, 4408]	[4936, 4947]	[4984, 5011]
EL_01669	[176, 182]	[392, 398]	[501, 507]
EL_01670	[362, 368]
EL_01671
EL_01672	[3886, 3893]
EL_01673	[2318, 2326]	[8481, 8495]	[9164, 9178]
EL_01674	[2137, 2144]
EL_01675	[356, 441]
EL_01676	[462, 512]
EL_01677	[388, 591]	[388, 437]	[418, 437]	[439, 475]	[464, 475]	[720, 729]	[1083, 1085]	[1186, 1191]
EL_01678	[168, 175]	[230, 251]	[574, 662]	[574, 581]
EL_01679	[841, 912]	[1367, 1433]	[1367, 1374]	[1467, 1470]
EL_01680	[404, 442]	[656, 663]
EL_01681	[1193, 1210]	[1377, 1397]
EL_01682	[1006, 1020]	[1126, 1131]
EL_01683	[108, 171]	[403, 416]	[586, 665]	[586, 607]	[594, 607]	[1071, 1076]
EL_01684
EL_01685	[899, 905]
EL_01686	[2184, 2190]
EL_01687	[2583, 2589]
EL_01688	[1112, 1121]	[2179, 2217]	[2179, 2188]	[2190, 2217]
EL_01689	[509, 518]	[2753, 2764]
EL_01690	[676, 686]
EL_01691	[3004, 3007]
EL_01692
EL_01693	[402, 410]
EL_01694	[481, 486]	[1612, 1617]
EL_01695
EL_01696
EL_01697	[122, 178]	[122, 162]
EL_01698	[247, 256]	[504, 513]
EL_01699	[220, 309]	[220, 260]	[251, 260]	[1037, 1046]
EL_01700	[861, 865]	[2413, 2454]
EL_01701
EL_01702
EL_01703
EL_01704	[1499, 1526]	[1499, 1507]
EL_01705	[177, 337]
EL_01706
EL_01707	[21490, 21497]
EL_01708	[2467, 2497]
EL_01709	[1999, 2006]
EL_01710
EL_01711	[575, 618]	[656, 658]	[663, 682]	[684, 692]	[787, 797]	[868, 871]
EL_01712
EL_01713
EL_01714	[905, 914]
EL_01715	[4516, 4525]
EL_01716	[677, 684]	[1071, 1075]
EL_01717	[2431, 2455]	[2627, 2631]
EL_01718	[562, 644]
EL_01719	[499, 512]	[1018, 1024]	[1119, 1122]	[1245, 1248]	[1541, 1547]	[1555, 1557]
EL_01720	[1536, 1549]	[4145, 4151]
EL_01721	[939, 948]
EL_01722	[540, 547]	[1561, 1568]
EL_01723	[175, 182]	[348, 355]	[599, 606]
EL_01724	[1178, 1215]	[1178, 1185]
EL_01725	[668, 675]
EL_01726
EL_01727
EL_01728
EL_01729
EL_01730
EL_01731
EL_01732
EL_01733
EL_01734	[2018, 2026]
EL_01735	[2694, 2775]	[2694, 2707]	[2709, 2775]	[3754, 3759]
EL_01736	[2804, 2887]	[2804, 2817]	[2819, 2887]	[3265, 3270]
EL_01737	[3532, 3585]	[3532, 3545]	[3547, 3556]	[3558, 3577]
EL_01738	[512, 521]	[612, 621]	[928, 937]	[1597, 1606]
EL_01739	[1371, 1383]
EL_01740	[693, 707]	[1418, 1419]	[1440, 1441]	[1459, 1461]	[1475, 1479]	[1508, 1509]	[1568, 1571]	[1600, 1602]	[1676, 1679]	[1691, 1695]	[1871, 1873]	[1986, 1987]	[2210, 2216]	[2584, 2598]	[2846, 2850]	[2973, 2977]	[3172, 3173]	[3197, 3199]	[3584, 3586]	[4741, 4745]
EL_01741	[753, 778]	[1033, 1037]	[1277, 1283]	[1343, 1347]	[2678, 2682]	[3067, 3071]
EL_01742	[158, 179]	[315, 336]	[606, 629]	[735, 744]	[735, 739]	[899, 903]	[954, 956]	[1203, 1207]
EL_01743	[814, 853]	[1360, 1361]	[1382, 1383]	[1494, 1498]
EL_01744	[506, 591]	[506, 521]	[513, 521]	[523, 590]	[645, 649]	[678, 680]	[863, 865]	[921, 923]	[996, 997]	[1039, 1041]	[1713, 1717]	[2075, 2078]	[2216, 2220]	[2267, 2273]	[2378, 2380]	[2386, 2388]	[2446, 2450]	[2456, 2459]	[2481, 2483]	[2499, 2502]	[2530, 2532]	[2566, 2569]
EL_01745	[1705, 1738]
EL_01746	[814, 823]	[1161, 1170]
EL_01747	[9766, 9775]
EL_01748	[1271, 1340]	[1271, 1280]	[1282, 1340]	[2959, 2963]	[3107, 3111]	[3498, 3502]	[3584, 3585]	[3775, 3779]	[3891, 3895]	[4091, 4095]	[4330, 4334]
EL_01749	[779, 808]	[1085, 1089]	[3071, 3077]	[4176, 4180]	[4376, 4378]	[4623, 4629]	[5705, 5709]	[5812, 5818]	[6171, 6175]
EL_01750	[1042, 1071]	[1042, 1057]	[1059, 1071]	[1074, 1075]	[1941, 1948]
EL_01751	[547, 559]
EL_01752
EL_01753	[109, 164]	[391, 396]	[617, 622]
EL_01754
EL_01755
EL_01756	[180, 188]	[250, 258]	[338, 348]	[600, 608]	[1029, 1037]	[1718, 1726]	[1974, 1976]	[1980, 2006]	[2470, 2478]	[2495, 2503]	[2911, 2921]	[2955, 2963]	[3220, 3228]	[3904, 3912]	[3938, 3941]	[3977, 3985]	[4370, 4378]
EL_01757
EL_01758
EL_01759
EL_01760	[1533, 1537]
EL_01761	[1662, 1670]	[1821, 1829]	[2124, 2132]
EL_01762	[396, 400]	[816, 822]
EL_01763
EL_01764	[449, 473]	[457, 463]
EL_01765
EL_01766	[3914, 3917]
EL_01767	[4205, 4212]
EL_01768
EL_01769	[2210, 2217]
EL_01770	[2128, 2159]
EL_01771	[298, 301]	[487, 494]
EL_01772	[528, 552]
EL_01773	[1279, 1282]
EL_01774
EL_01775	[1104, 1108]	[1136, 1144]
EL_01776
EL_01777	[2132, 2135]
EL_01778	[3138, 3141]
EL_01779	[1163, 1166]
EL_01780	[180, 185]	[326, 351]	[364, 366]	[445, 447]	[586, 667]	[586, 591]	[950, 955]	[1833, 1840]	[1894, 1899]	[1923, 1926]	[2282, 2289]	[2524, 2529]	[2851, 2856]	[2995, 3002]	[3214, 3219]	[3283, 3285]	[3327, 3330]
EL_01781	[328, 392]
EL_01782	[318, 529]	[318, 326]	[1405, 1424]	[1405, 1413]	[2353, 2361]	[2365, 2372]
EL_01783
EL_01784
EL_01785	[490, 561]	[490, 510]	[494, 510]	[570, 573]	[660, 662]	[755, 781]	[979, 991]
EL_01786	[719, 735]	[860, 865]
EL_01787
EL_01788	[3576, 3581]
EL_01789	[1313, 1318]
EL_01790
EL_01791
EL_01792
EL_01793	[1904, 1942]	[2158, 2163]
EL_01794	[4885, 4992]	[4885, 4899]	[4889, 4899]	[4901, 4991]	[5469, 5474]
EL_01795	[3186, 3201]	[3285, 3332]	[3425, 3428]	[3748, 3759]	[3876, 3879]
EL_01796	[353, 361]
EL_01797
EL_01798
EL_01799	[1217, 1225]	[1758, 1766]
EL_01800
EL_01801
EL_01802
EL_01803
EL_01804	[2183, 2192]	[2288, 2297]	[3759, 3768]	[7222, 7231]
EL_01805	[1258, 1267]
EL_01806	[543, 578]	[719, 721]	[1302, 1309]	[1353, 1356]	[1385, 1387]
EL_01807	[510, 557]	[976, 983]
EL_01808	[1915, 1920]	[2068, 2101]	[2068, 2073]
EL_01809	[2557, 2583]	[2557, 2574]	[2576, 2583]	[2888, 2895]	[2900, 2903]	[3237, 3240]
EL_01810
EL_01811
EL_01812
EL_01813
EL_01814
EL_01815	[6663, 6748]	[6663, 6680]	[6667, 6680]	[6682, 6748]	[6682, 6707]	[11035, 11082]	[11035, 11043]	[11164, 11166]	[11183, 11184]	[11199, 11200]	[11363, 11371]
EL_01816	[467, 512]	[963, 971]	[1141, 1143]
EL_01817
EL_01818	[700, 704]
EL_01819
EL_01820
EL_01821
EL_01822
EL_01823	[276, 284]	[1494, 1502]
EL_01824	[2586, 2634]	[2989, 2998]
EL_01825	[3062, 3158]	[3062, 3077]	[3079, 3156]	[3079, 3118]	[3336, 3341]
EL_01826	[2778, 2861]	[2778, 2793]	[2782, 2793]	[2795, 2860]	[2965, 2966]	[3068, 3108]	[3068, 3075]
EL_01827
EL_01828
EL_01829	[1154, 1205]	[1154, 1166]	[1168, 1205]	[1576, 1582]
EL_01830	[2652, 2697]	[2652, 2665]	[2667, 2696]	[2934, 2936]	[2970, 2978]
EL_01831	[2702, 2747]	[2702, 2715]	[2717, 2746]	[2974, 2976]	[3010, 3018]
EL_01832	[1341, 1354]	[1589, 1595]	[1637, 1639]	[1687, 1689]
EL_01833
EL_01834
EL_01835	[563, 569]
EL_01836	[1602, 1713]	[1602, 1649]
EL_01837	[669, 673]
EL_01838
EL_01839
EL_01840
EL_01841	[630, 661]	[630, 642]	[644, 661]	[843, 849]	[1825, 1831]	[2793, 2801]	[3827, 3835]	[4514, 4520]	[4529, 4532]
EL_01842	[906, 1038]	[2766, 2772]	[2951, 2959]	[4252, 4260]	[4548, 4556]	[6746, 6754]
EL_01843	[2128, 2140]	[3645, 3656]	[3650, 3656]
EL_01844
EL_01845	[909, 952]	[909, 933]	[935, 951]	[1021, 1026]
EL_01846
EL_01847
EL_01848
EL_01849	[1397, 1410]	[1558, 1682]	[1558, 1583]	[1575, 1583]	[1603, 1605]	[1826, 1827]	[1912, 1920]
EL_01850	[381, 427]	[381, 398]	[386, 398]	[437, 488]	[696, 703]	[798, 805]	[823, 825]	[971, 973]	[990, 992]	[1013, 1014]	[1022, 1023]	[1056, 1058]	[1072, 1074]	[1149, 1161]	[1219, 1226]
EL_01851	[167, 174]	[466, 499]	[563, 570]	[709, 716]	[1024, 1031]
EL_01852	[612, 613]	[693, 836]
EL_01853	[3291, 3348]	[3291, 3313]	[3315, 3347]	[3479, 3481]	[3576, 3582]
EL_01854	[2015, 2024]
EL_01855	[2829, 2838]
EL_01856	[572, 586]	[602, 605]
EL_01857
EL_01858
EL_01859	[581, 649]	[581, 596]	[660, 669]	[788, 791]	[802, 809]	[1119, 1128]	[1189, 1198]	[1204, 1207]	[1278, 1281]
EL_01860	[3635, 3654]
EL_01861	[231, 248]	[254, 257]	[504, 516]	[1345, 1355]	[2236, 2268]	[2236, 2246]	[2256, 2259]	[2364, 2374]	[2627, 2642]	[2627, 2637]	[3365, 3375]	[3390, 3393]	[3450, 3453]	[3486, 3489]	[3512, 3515]	[3623, 3626]	[3640, 3643]	[3718, 3721]	[3762, 3772]	[3849, 3850]	[3867, 3870]	[3896, 3898]	[3996, 3997]	[4290, 4300]	[4628, 4638]	[4933, 4943]	[4995, 5015]	[4995, 5005]	[5118, 5119]	[5165, 5175]	[5197, 5199]	[5272, 5282]	[5375, 5378]	[5399, 5402]	[5438, 5441]	[5585, 5588]	[5820, 5830]	[5975, 5978]	[6067, 6070]	[6084, 6087]	[6175, 6185]	[6229, 6236]	[6239, 6240]	[6258, 6259]	[6269, 6270]	[6276, 6277]	[6366, 6376]	[6401, 6402]	[6597, 6600]	[6694, 6697]	[6709, 6712]	[6829, 6839]	[6914, 6917]	[7109, 7112]	[7217, 7220]	[7311, 7314]	[7320, 7323]	[7436, 7446]	[7458, 7459]	[7530, 7531]	[7587, 7588]	[7591, 7641]	[7591, 7616]	[7622, 7641]	[7854, 7864]	[8210, 8220]	[8238, 8239]	[8293, 8295]	[8592, 8602]	[8674, 8675]	[8692, 8693]	[8727, 8730]	[8738, 8739]	[9254, 9264]	[9275, 9353]	[9696, 9708]	[9982, 10000]	[10004, 10014]	[10026, 10029]	[10038, 10041]	[10146, 10149]	[10196, 10199]	[10255, 10258]	[10288, 10348]	[10288, 10291]	[10337, 10340]	[10350, 10353]	[10389, 10392]	[10457, 10467]	[10514, 10517]	[10574, 10577]	[10712, 10722]	[10783, 10784]	[10804, 10807]	[10868, 10871]	[10879, 10882]	[10926, 10929]	[10942, 10943]	[10958, 10959]	[10981, 10991]	[11027, 11030]	[11046, 11049]	[11122, 11125]	[11142, 11145]	[11167, 11170]	[11195, 11197]
EL_01862	[277, 322]
EL_01863	[3734, 3771]	[3734, 3742]
EL_01864	[3865, 3873]
EL_01865	[1067, 1076]
EL_01866	[652, 689]	[3063, 3070]
EL_01867	[600, 627]	[634, 636]	[1893, 1898]
EL_01868	[4752, 4799]	[4752, 4764]	[4766, 4798]	[4964, 4968]	[5070, 5074]	[5183, 5184]	[5224, 5226]
EL_01869	[1333, 1394]	[1333, 1348]	[1422, 1429]
EL_01870	[1099, 1107]	[1285, 1295]
EL_01871	[2514, 2597]	[2514, 2529]	[2531, 2597]	[2531, 2576]	[2531, 2551]	[3212, 3220]
EL_01872	[169, 178]	[256, 312]	[644, 653]	[1234, 1245]	[1292, 1317]	[1621, 1630]	[1703, 1712]	[1858, 1867]	[1961, 1999]	[1961, 1970]
EL_01873	[117, 167]	[481, 490]
EL_01874	[3303, 3318]	[3633, 3634]	[3670, 3679]
EL_01875	[569, 590]	[776, 806]	[1444, 1453]
EL_01876	[2782, 2815]	[2871, 2880]	[2886, 2889]	[2941, 2943]
EL_01877	[447, 488]	[616, 625]	[827, 843]
EL_01878
EL_01879	[457, 473]	[631, 635]
EL_01880	[8360, 8532]	[8360, 8458]	[8360, 8372]	[8374, 8378]
EL_01881	[117, 172]	[282, 314]	[318, 366]	[377, 382]	[512, 517]
EL_01882	[1289, 1306]	[1355, 1358]	[1405, 1408]	[1550, 1564]	[1550, 1559]	[1569, 1643]	[1734, 1743]	[1763, 1766]	[1842, 1845]	[1877, 1880]	[1960, 1963]	[1989, 1998]	[2103, 2106]	[2116, 2119]	[2148, 2151]	[2230, 2231]	[2280, 2281]	[2294, 2295]	[2301, 2302]	[2334, 2337]	[2379, 2380]	[2386, 2387]	[2411, 2412]	[2433, 2435]	[2692, 2701]	[2919, 2922]	[2949, 2958]	[2961, 2964]	[3066, 3075]	[3165, 3196]	[3165, 3174]	[3176, 3195]
EL_01883	[3590, 3642]	[3590, 3599]	[3601, 3641]	[3648, 3651]	[3968, 3973]
EL_01884	[487, 493]
EL_01885	[2666, 2672]
EL_01886	[459, 465]
EL_01887	[1843, 1924]	[2007, 2016]
EL_01888	[1657, 1742]
EL_01889	[510, 532]	[571, 573]
EL_01890
EL_01891
EL_01892	[3463, 3473]
EL_01893	[293, 302]	[2990, 2999]	[3297, 3367]	[3297, 3306]	[3308, 3367]
EL_01894	[2422, 2544]	[2422, 2436]	[2716, 2721]	[4570, 4575]
EL_01895	[1500, 1580]
EL_01896	[435, 472]	[483, 486]	[527, 530]	[587, 593]	[610, 613]
EL_01897	[648, 720]	[648, 663]	[665, 720]	[731, 738]
EL_01898	[1492, 1578]	[1492, 1505]	[2701, 2721]	[3095, 3097]	[3300, 3302]
EL_01899	[158, 198]	[406, 446]	[493, 515]	[1289, 1295]	[1352, 1355]
EL_01900	[470, 480]	[517, 520]	[573, 576]
EL_01901	[550, 566]	[681, 687]	[705, 708]	[1321, 1327]
EL_01902	[7532, 7546]	[7777, 7783]	[7875, 7878]	[7898, 7901]	[7908, 7911]
EL_01903
EL_01904	[2300, 2307]
EL_01905	[788, 795]
EL_01906
EL_01907
EL_01908
EL_01909	[361, 385]	[1215, 1222]	[1646, 1653]	[1669, 1678]	[1728, 1731]
EL_01910
EL_01911
EL_01912
EL_01913
EL_01914
EL_01915
EL_01916
EL_01917	[421, 422]	[467, 468]	[517, 519]	[634, 635]	[657, 680]	[917, 919]	[1002, 1005]	[1045, 1081]	[1093, 1101]	[1103, 1105]	[1111, 1114]	[1137, 1140]	[1593, 1603]	[1817, 1825]	[1905, 1907]
EL_01918
EL_01919
EL_01920
EL_01921
EL_01922
EL_01923
EL_01924
EL_01925
EL_01926	[822, 832]	[2092, 2138]	[2092, 2097]	[2313, 2315]
EL_01927	[1042, 1075]	[1321, 1332]
EL_01928	[242, 275]	[365, 367]	[638, 649]	[915, 926]
EL_01929	[867, 1045]	[867, 907]	[1715, 1754]
EL_01930	[387, 420]	[791, 802]
EL_01931	[863, 903]	[1056, 1058]	[1286, 1297]	[1303, 1305]	[1424, 1426]	[1432, 1434]	[1622, 1624]
EL_01932	[802, 822]	[838, 841]	[932, 1052]	[932, 944]	[1297, 1309]
EL_01933	[483, 526]	[1457, 1469]	[1680, 1692]	[2799, 2819]
EL_01934
EL_01935
EL_01936
EL_01937
EL_01938
EL_01939
EL_01940
EL_01941
EL_01942	[109, 170]	[369, 380]	[494, 567]	[636, 638]	[819, 826]	[903, 906]
EL_01943	[2210, 2261]	[2210, 2223]	[2422, 2429]	[2755, 2762]	[3120, 3123]	[3138, 3140]	[3287, 3289]
EL_01944	[1496, 1508]	[2839, 2846]	[6105, 6160]	[6105, 6117]	[6133, 6144]	[6146, 6160]	[6558, 6572]	[6586, 6588]	[6613, 6615]	[6644, 6646]
EL_01945	[494, 506]	[613, 661]	[613, 620]	[622, 660]	[849, 852]	[994, 1001]	[1097, 1104]
EL_01946	[772, 918]	[792, 803]	[805, 918]	[1018, 1025]	[2733, 2744]	[2981, 3011]	[5000, 5007]	[5036, 5038]	[5340, 5343]	[5714, 5723]	[5761, 5768]	[5877, 5884]	[5899, 5902]	[6023, 6025]	[6066, 6068]	[6206, 6213]	[6267, 6269]	[6956, 6995]	[6988, 6995]
EL_01947	[3278, 3288]
EL_01948	[315, 325]	[461, 471]	[1577, 1587]
EL_01949	[9713, 9723]
EL_01950	[1431, 1456]	[1519, 1529]	[1561, 1591]	[1561, 1563]	[3362, 3372]
EL_01951	[944, 952]
EL_01952	[2814, 2822]	[7523, 7531]	[7665, 7667]
EL_01953	[518, 552]	[1112, 1118]	[1439, 1442]	[1469, 1472]
EL_01954	[1429, 1510]	[1722, 1728]
EL_01955
EL_01956	[345, 389]	[984, 990]	[1281, 1287]	[1304, 1310]
EL_01957	[1849, 1995]	[1849, 1861]	[1863, 1995]	[2214, 2216]	[2364, 2369]	[2842, 2847]
EL_01958	[624, 633]	[709, 719]	[809, 818]	[906, 908]
EL_01959	[518, 532]	[721, 730]	[937, 946]
EL_01960	[4257, 4324]	[4461, 4469]	[4631, 4634]
EL_01961	[5638, 5647]
EL_01962	[4851, 4860]
EL_01963	[4374, 4431]	[4374, 4385]	[4387, 4430]	[4512, 4513]	[4543, 4544]	[4608, 4610]	[11027, 11038]	[11181, 11187]	[11258, 11261]	[11278, 11281]	[11305, 11307]	[11345, 11347]	[11437, 11439]	[11467, 11473]	[11556, 11559]	[11599, 11602]	[11643, 11645]	[11713, 11715]	[11726, 11733]	[11769, 11772]	[11792, 11795]	[11882, 11884]	[11960, 11963]	[12000, 12002]	[12019, 12020]	[12087, 12088]	[12094, 12096]	[12116, 12118]	[12197, 12199]
EL_01964	[6367, 6374]
EL_01965	[5649, 5656]
EL_01966	[3064, 3071]
EL_01967	[1976, 2073]	[1976, 2005]	[2007, 2053]	[2337, 2345]	[2593, 2601]	[2865, 2993]	[2865, 2873]
EL_01968
EL_01969	[435, 436]	[529, 564]	[576, 577]	[623, 625]	[666, 669]	[1463, 1488]
EL_01970
EL_01971
EL_01972
EL_01973	[918, 924]
EL_01974
EL_01975	[646, 658]	[3621, 3804]	[3621, 3627]	[3629, 3803]	[3692, 3703]	[3808, 3919]
EL_01976	[647, 770]
EL_01977	[2353, 2365]	[4759, 4942]	[4759, 4765]	[4767, 4941]	[4830, 4841]
EL_01978
EL_01979
EL_01980	[166, 355]	[366, 373]
EL_01981	[166, 173]	[224, 252]	[261, 264]	[370, 377]	[556, 563]	[696, 753]	[696, 703]	[787, 789]	[874, 876]	[944, 951]
EL_01982	[1496, 1524]	[1528, 1692]	[1528, 1567]	[1886, 1933]	[2066, 2073]	[2636, 2675]
EL_01983	[1216, 1256]	[1216, 1232]	[1234, 1245]	[1697, 1703]
EL_01984	[1299, 1310]	[1519, 1527]
EL_01985	[243, 287]	[725, 731]	[895, 901]
EL_01986	[1112, 1121]
EL_01987	[2546, 2571]	[2573, 2596]	[2732, 2738]	[2793, 2799]	[2878, 2884]
EL_01988	[774, 789]
EL_01989	[741, 745]
EL_01990	[472, 476]
EL_01991	[200, 298]	[200, 242]	[235, 242]	[582, 589]
EL_01992	[290, 382]	[290, 297]	[299, 382]
EL_01993	[2653, 2714]	[2658, 2714]
EL_01994	[1336, 1369]	[1371, 1374]	[1521, 1528]
EL_01995	[682, 721]	[723, 727]	[1372, 1376]
EL_01996	[575, 610]	[590, 599]
EL_01997	[772, 778]
EL_01998	[466, 472]	[4781, 4787]
EL_01999	[436, 472]	[562, 568]
EL_02000
EL_02001
EL_02002	[117, 162]	[1067, 1071]
EL_02003
EL_02004	[835, 874]
EL_02005	[460, 517]	[460, 480]	[1252, 1255]	[2354, 2361]	[2358, 2361]	[2672, 2681]	[3181, 3188]	[3185, 3188]	[3261, 3264]
EL_02006	[341, 344]
EL_02007	[1091, 1094]
EL_02008	[492, 497]
EL_02009	[159, 166]	[322, 329]	[400, 407]	[411, 420]	[749, 758]	[1760, 1767]	[3300, 3307]	[4113, 4120]	[4201, 4208]	[4543, 4550]
EL_02010	[371, 378]	[480, 487]	[899, 906]
EL_02011	[2076, 2100]
EL_02012	[387, 390]	[585, 590]	[828, 833]	[932, 941]
EL_02013
EL_02014	[1636, 1639]	[1671, 1688]
EL_02015	[2038, 2041]
EL_02016
EL_02017	[4281, 4338]	[4311, 4338]	[4445, 4452]	[4449, 4452]	[4459, 4468]	[4514, 4527]	[4620, 4623]	[4696, 4703]	[4700, 4703]
EL_02018	[911, 916]
EL_02019	[682, 687]
EL_02020	[916, 923]
EL_02021	[634, 641]	[1062, 1069]
EL_02022	[385, 392]	[950, 957]
EL_02023	[2070, 2077]
EL_02024	[1645, 1749]	[1645, 1674]	[1663, 1674]	[1797, 1800]	[4026, 4033]
EL_02025	[393, 428]	[789, 794]
EL_02026	[528, 671]	[528, 557]	[546, 557]	[559, 671]	[1431, 1460]	[1915, 1920]	[2901, 2906]
EL_02027	[349, 527]	[349, 388]	[377, 388]	[566, 573]	[1047, 1054]	[1086, 1089]	[2500, 2505]	[2700, 2705]	[2800, 2801]	[2885, 2887]	[3182, 3189]
EL_02028	[1652, 1692]	[1902, 1908]	[2119, 2125]
EL_02029	[356, 384]	[417, 427]	[812, 826]	[1142, 1144]	[1154, 1155]	[1208, 1216]	[1313, 1315]	[1360, 1362]	[1477, 1485]	[1951, 1959]	[2528, 2536]
EL_02030	[642, 717]	[688, 695]	[1218, 1225]	[1292, 1301]	[1539, 1546]
EL_02031
EL_02032	[166, 443]	[345, 350]	[1012, 1021]
EL_02033
EL_02034
EL_02035
EL_02036
EL_02037	[636, 675]	[681, 683]	[819, 822]	[840, 849]
EL_02038	[362, 392]	[800, 809]	[826, 828]	[1417, 1428]
EL_02039	[302, 341]	[355, 358]
EL_02040	[557, 580]	[697, 700]	[1199, 1210]	[1324, 1333]
EL_02041
EL_02042	[1053, 1093]	[1053, 1070]	[1072, 1084]	[1311, 1323]
EL_02043	[482, 498]	[533, 536]	[553, 556]	[666, 669]	[684, 687]	[711, 712]	[747, 750]	[793, 796]	[877, 884]	[893, 896]	[926, 929]	[969, 972]	[1009, 1012]	[1278, 1285]	[1471, 1474]	[1856, 1859]	[2012, 2019]	[2040, 2043]	[2071, 2169]	[2071, 2078]	[2084, 2091]	[2102, 2105]	[2141, 2144]	[2180, 2181]	[2313, 2316]	[2418, 2421]	[2427, 2430]	[2502, 2505]	[2526, 2529]	[2758, 2767]	[2872, 2875]	[2937, 2940]	[3012, 3015]	[3100, 3103]	[3150, 3153]	[3184, 3187]	[3302, 3309]	[3360, 3363]	[3939, 3948]	[4031, 4034]	[4089, 4092]	[4147, 4154]	[4163, 4166]	[4243, 4246]	[4317, 4324]	[4458, 4467]
EL_02044	[482, 498]	[533, 536]	[553, 556]	[666, 669]	[684, 687]	[711, 712]	[747, 750]	[793, 796]	[877, 884]	[893, 896]	[926, 929]	[969, 972]	[1009, 1012]	[1282, 1289]	[1475, 1478]	[1860, 1863]	[2016, 2023]	[2044, 2047]	[2075, 2173]	[2075, 2082]	[2088, 2095]	[2106, 2109]	[2145, 2148]	[2184, 2185]	[2317, 2320]	[2422, 2425]	[2431, 2434]	[2506, 2509]	[2530, 2533]	[2762, 2771]	[2876, 2879]	[2941, 2944]	[3016, 3019]	[3104, 3107]	[3154, 3157]	[3188, 3191]	[3306, 3313]	[3364, 3367]	[3943, 3952]	[4035, 4038]	[4093, 4096]	[4151, 4158]	[4167, 4170]	[4247, 4250]	[4321, 4328]	[4462, 4471]
EL_02045	[858, 880]	[858, 867]	[869, 879]	[997, 1003]	[1231, 1237]
EL_02046	[408, 442]	[1734, 1777]	[1734, 1769]	[1771, 1777]
EL_02047	[5533, 5542]
EL_02048	[2474, 2512]	[2904, 2912]
EL_02049	[361, 467]	[621, 627]	[675, 681]	[686, 707]	[845, 851]	[952, 960]	[1169, 1177]	[1196, 1202]	[1222, 1224]	[1411, 1417]	[1485, 1488]	[1758, 1768]	[1783, 1786]	[1801, 1803]	[1869, 1879]	[1883, 1885]	[2293, 2301]	[2383, 2391]	[2514, 2544]	[2514, 2520]	[2793, 2801]	[2810, 2891]	[2810, 2816]	[2838, 2891]	[2954, 2962]	[3311, 3319]	[3471, 3492]	[3516, 3530]	[3615, 3629]
EL_02050	[2486, 2640]	[2486, 2520]	[2508, 2520]	[2522, 2640]	[2651, 2656]	[2742, 2745]
EL_02051	[1013, 1025]	[1180, 1185]
EL_02052	[455, 627]	[603, 626]
EL_02053	[169, 431]
EL_02054	[193, 199]	[309, 324]	[365, 368]	[378, 381]	[465, 473]	[486, 489]	[548, 551]	[565, 573]	[644, 666]	[870, 876]	[914, 917]	[950, 956]	[1040, 1085]	[1040, 1043]
EL_02055
EL_02056
EL_02057
EL_02058
EL_02059
EL_02060
EL_02061
EL_02062	[3332, 3371]	[3332, 3339]
EL_02063
EL_02064	[1745, 1774]
EL_02065	[1139, 1221]	[1139, 1155]	[3883, 3892]	[4643, 4652]	[4666, 4669]	[6057, 6066]	[9679, 9688]
EL_02066	[2209, 2214]
EL_02067	[531, 547]	[794, 804]	[819, 824]	[900, 902]	[973, 975]	[1027, 1029]	[1119, 1153]	[1119, 1129]	[1234, 1236]	[1358, 1360]	[1474, 1485]	[2242, 2270]	[2242, 2252]	[2381, 2391]	[2874, 2884]	[2959, 2969]	[3023, 3028]
EL_02068	[680, 696]	[2535, 2545]	[2736, 2746]
EL_02069	[604, 610]
EL_02070	[882, 888]
EL_02071	[360, 377]
EL_02072	[569, 589]	[649, 658]
EL_02073	[2465, 2471]
EL_02074	[474, 480]
EL_02075	[239, 282]	[710, 733]	[831, 942]	[831, 838]
EL_02076
EL_02077
EL_02078
EL_02079
EL_02080
EL_02081
EL_02082	[334, 418]	[491, 502]	[1212, 1221]	[1232, 1246]	[1232, 1241]	[1275, 1277]	[1289, 1292]	[1311, 1314]	[1364, 1367]
EL_02083	[1725, 1757]	[1952, 1961]
EL_02084	[1112, 1178]	[1112, 1119]	[1146, 1156]	[1158, 1165]	[1170, 1178]
EL_02085	[1437, 1800]	[1437, 1444]	[1579, 1586]
EL_02086	[1274, 1284]
EL_02087	[7802, 7812]
EL_02088	[1946, 1966]
EL_02089	[2072, 2082]
EL_02090
EL_02091	[881, 889]	[1242, 1265]	[3487, 3501]	[7736, 7753]	[9493, 9518]	[9497, 9505]
EL_02092
EL_02093	[185, 265]	[436, 441]	[448, 451]	[497, 500]
EL_02094
EL_02095	[162, 204]	[164, 194]	[184, 194]	[327, 352]	[366, 398]	[366, 376]	[540, 570]	[540, 552]	[719, 725]	[730, 743]
EL_02096	[3499, 3522]	[3626, 3632]
EL_02097	[1904, 1916]	[1962, 1964]	[1980, 1982]	[2037, 2043]	[2146, 2149]
EL_02098	[3908, 3915]
EL_02099	[2491, 2498]
EL_02100	[1655, 1688]	[1761, 1769]
EL_02101
EL_02102
EL_02103
EL_02104	[2669, 2671]
EL_02105
EL_02106
EL_02107
EL_02108
EL_02109
EL_02110	[2869, 2878]	[3069, 3072]
EL_02111	[223, 226]	[538, 541]	[864, 867]	[1304, 1307]	[1391, 1398]	[1395, 1398]
EL_02112	[1488, 1496]	[1635, 1643]	[2693, 2701]
EL_02113	[636, 638]
EL_02114	[109, 161]	[1502, 1508]	[1995, 2085]	[3254, 3260]
EL_02115
EL_02116	[315, 394]	[375, 380]
EL_02117	[628, 633]	[837, 846]	[900, 902]
EL_02118	[465, 470]	[724, 733]	[739, 741]	[757, 760]
EL_02119	[371, 392]	[394, 397]	[931, 934]
EL_02120	[1927, 1931]
EL_02121	[545, 641]	[545, 587]	[551, 570]	[1035, 1058]	[1110, 1121]	[1138, 1141]
EL_02122	[1672, 1731]	[1992, 2006]	[2858, 2862]
EL_02123	[7037, 7041]
EL_02124	[2389, 2525]	[2389, 2398]
EL_02125	[1349, 1352]
EL_02126
EL_02127
EL_02128
EL_02129
EL_02130	[234, 239]
EL_02131
EL_02132	[322, 337]	[380, 450]	[380, 389]
EL_02133
EL_02134
EL_02135	[1608, 1614]
EL_02136	[1987, 1993]
EL_02137
EL_02138	[1147, 1153]
EL_02139	[168, 173]	[724, 729]	[904, 966]	[904, 909]	[1228, 1235]	[1384, 1389]	[2221, 2226]	[2436, 2443]	[2587, 2594]	[2878, 2883]
EL_02140	[644, 683]	[644, 652]	[654, 664]	[666, 670]	[676, 683]
EL_02141	[1943, 1947]	[2001, 2005]	[3638, 3642]	[3644, 3648]	[3657, 3660]	[3721, 3723]	[4480, 4484]	[4567, 4569]	[5480, 5484]
EL_02142	[6720, 6773]	[6791, 6801]	[6919, 6921]
EL_02143	[787, 937]	[787, 896]	[898, 936]	[957, 959]	[1139, 1141]
EL_02144	[1618, 1627]	[1631, 1656]
EL_02145	[231, 454]	[231, 239]	[3930, 3938]
EL_02146	[195, 233]
EL_02147
EL_02148	[208, 296]	[208, 240]	[236, 240]	[351, 361]	[487, 492]	[842, 847]
EL_02149	[2473, 2477]
EL_02150	[854, 974]
EL_02151
EL_02152	[652, 656]
EL_02153
EL_02154	[1072, 1075]
EL_02155	[2048, 2050]
EL_02156	[1604, 1640]	[2059, 2068]	[3090, 3099]
EL_02157	[4939, 5103]	[4939, 5098]	[5164, 5242]	[5164, 5189]	[5180, 5189]	[5245, 5246]	[5317, 5326]	[5368, 5371]	[5415, 5440]	[5763, 5766]	[5776, 5779]
EL_02158
EL_02159	[511, 522]	[550, 553]	[868, 871]	[1074, 1077]
EL_02160
EL_02161	[2297, 2306]
EL_02162	[274, 487]	[274, 284]	[963, 993]	[963, 973]	[975, 993]
EL_02163
EL_02164
EL_02165
EL_02166	[3058, 3065]	[6087, 6101]
EL_02167	[3104, 3112]
EL_02168	[262, 270]	[1084, 1119]	[1084, 1092]	[1685, 1693]
EL_02169	[239, 247]	[3395, 3422]	[3395, 3403]	[3405, 3421]
EL_02170	[998, 1007]	[2503, 2510]
EL_02171	[220, 344]	[220, 270]	[258, 270]
EL_02172	[271, 418]	[271, 338]	[340, 418]
EL_02173
EL_02174	[889, 892]	[2090, 2093]	[3299, 3302]	[4508, 4511]
EL_02175	[169, 389]	[393, 500]	[393, 410]
EL_02176
EL_02177	[844, 847]
EL_02178	[3950, 3959]
EL_02179	[171, 182]	[217, 221]	[385, 522]	[385, 411]	[385, 387]	[1343, 1422]	[1343, 1347]	[1349, 1421]	[1453, 1456]	[1579, 1580]	[1600, 1604]	[1893, 1894]	[1938, 1940]	[2047, 2051]	[2203, 2221]	[2231, 2233]	[2238, 2241]	[2436, 2442]	[2511, 2513]	[2641, 2643]	[2796, 2798]	[2815, 2819]	[3007, 3009]	[3150, 3153]	[3159, 3163]
EL_02180	[109, 172]	[2232, 2237]	[3210, 3215]
EL_02181	[2727, 2732]
EL_02182	[1475, 1480]
EL_02183	[398, 404]	[575, 581]	[616, 618]	[685, 687]
EL_02184	[637, 680]	[637, 665]
EL_02185	[631, 647]	[793, 799]	[825, 831]	[1004, 1026]
EL_02186	[109, 165]	[304, 329]	[411, 448]	[502, 504]	[696, 823]	[811, 814]	[863, 866]	[4067, 4073]	[4168, 4171]	[4202, 4205]	[4335, 4343]	[4411, 4414]	[4466, 4468]	[4484, 4486]	[4543, 4549]	[4568, 4570]	[4615, 4616]	[4669, 4691]	[4744, 4746]	[4752, 4754]	[4780, 4783]	[4820, 4822]	[4906, 4909]	[4922, 4928]	[4996, 4998]	[5008, 5010]	[5040, 5041]	[5085, 5086]	[5103, 5105]
EL_02187
EL_02188
EL_02189	[186, 260]
EL_02190
EL_02191
EL_02192	[508, 513]
EL_02193
EL_02194	[2695, 2705]
EL_02195	[2047, 2064]
EL_02196	[2491, 2501]
EL_02197	[2193, 2214]
EL_02198	[1094, 1104]
EL_02199	[3320, 3374]	[3320, 3334]	[3336, 3358]	[3433, 3435]	[3703, 3710]	[3718, 3720]	[3881, 3883]
EL_02200	[173, 184]	[602, 623]	[625, 628]	[881, 888]	[931, 934]	[1352, 1359]	[1496, 1498]	[1507, 1527]	[1626, 1637]	[1734, 1745]	[3346, 3353]	[4167, 4174]
EL_02201	[1310, 1426]
EL_02202
EL_02203	[1062, 1074]
EL_02204	[404, 412]
EL_02205	[1063, 1071]
EL_02206	[506, 514]
EL_02207	[2405, 2411]
EL_02208
EL_02209
EL_02210
EL_02211	[2223, 2235]
EL_02212	[3978, 3990]
EL_02213	[4755, 4767]
EL_02214	[6486, 6495]
EL_02215
EL_02216	[1396, 1404]	[3028, 3036]
EL_02217	[1315, 1323]
EL_02218	[2259, 2268]
EL_02219	[609, 618]
EL_02220	[204, 318]	[204, 213]	[366, 375]	[410, 431]	[419, 446]	[433, 446]	[5246, 5255]	[5588, 5590]	[5602, 5604]
EL_02221
EL_02222	[1010, 1019]	[3585, 3594]
EL_02223	[4924, 4931]	[5246, 5264]	[5246, 5253]	[5295, 5302]
EL_02224	[395, 398]
EL_02225
EL_02226	[690, 719]	[690, 698]
EL_02227	[2935, 2943]	[10848, 10856]
EL_02228	[233, 331]	[233, 270]	[786, 794]
EL_02229
EL_02230	[2864, 2896]	[2864, 2868]
EL_02231	[638, 643]
EL_02232	[233, 269]	[1200, 1206]	[1461, 1467]	[1872, 1878]	[3386, 3392]	[3950, 3956]	[4121, 4127]	[5072, 5078]
EL_02233	[250, 256]	[620, 626]	[842, 848]	[2177, 2183]	[4049, 4055]
EL_02234	[231, 263]
EL_02235	[314, 320]	[960, 982]	[1089, 1095]
EL_02236	[201, 254]
EL_02237	[1187, 1234]	[1187, 1226]
EL_02238	[159, 163]	[918, 926]	[1272, 1305]
EL_02239	[467, 477]
EL_02240	[366, 383]
EL_02241	[1837, 1847]
EL_02242	[1663, 1673]	[2257, 2267]
EL_02243	[304, 314]	[352, 395]	[352, 362]	[7870, 7880]
EL_02244	[1653, 1694]	[1653, 1684]	[1653, 1660]
EL_02245
EL_02246
EL_02247
EL_02248
EL_02249
EL_02250	[747, 780]	[861, 862]	[1029, 1039]	[1410, 1420]
